728371641
501396522
981557699
334621065
183009572
27294345
756226995
56745033
807006872
679751838
850484498
319186301
518778542
983448871
747874798
830790984
765769588
517603792
766562929
760663318
141803848
83455918
572066402
134488285
5892
657683854
920967632
15587400
636636031
88561525
162631616
77720801
751315076
288390750
380930382
876231406
869811877
153326799
197053309
334133871
500184817
623844161
220936258
822186230
905160549
543810177
478400655
809802059
934022485
906928197
794822781
890839329
183871197
26796055
380335177
721113482
408485980
36246528
55883520
678728981
867964064
291222117
349761652
25350
685386682
731875146
374908148
833770046
116727102
861907200
477004048
970155986
278082687
117976320
212469735
665201119
11844
346390019
448164469
365439276
218630044
501651358
1
892668221
674754149
574045666
1257960
256008746
175120365
543518757
568940409
145398136
962459405
35712768
337898286
736897240
712963944
2954216
854509824
930482409
