21676032
758661120
219
5376
668860416
36126720
13418496
66060288
2704
315
2048
1
3317760
6013440
2484
648
122880
16128
1344
64512
329472
479232
19968
93700094
4608
984
35280
63360
25878528
81
1032192
104448
768
167215104
270
34560
7864320
82
162
1
54
975421440
418037760
505440
119808
30
135
66420
61776
274176
1
3276
129360
41184
1105920
142560
298598400
3870720
557383680
780
6480
1290240
1242
82575360
467712
2396160
200704
9840
86704128
63360
5888
75
4
25584
1
123984
325140480
6013440
3096576
4
1032192
122880
1092
3732480
398520
346816512
1870848
3105
840
984
72128
14760
151732224
6635520
1327104
432
76709887
1741824
718848
1
