30
14 26
16 29
11 19
20 28
2 9
18 27
19 25
11 30
18 29
2 27
9 17
1 21
23 25
7 29
22 29
17 28
13 29
8 18
25 29
14 21
12 15
4 26
14 28
10 24
15 24
15 29
6 14
3 4
5 20
100
21 23
1 28
26 28
9 14
14 21
11 15
7 10
1 7
16 17
9 18
19 27
16 23
15 17
17 26
14 25
6 16
20 30
4 10
13 28
17 30
4 19
6 28
9 24
10 15
1 16
5 27
11 20
3 6
15 22
14 25
7 24
6 24
2 28
2 9
22 23
14 27
5 10
3 21
6 13
23 27
14 18
19 25
12 30
14 28
14 18
14 21
8 20
2 30
6 16
10 29
3 10
1 12
11 26
1 22
5 28
9 14
7 15
4 17
8 29
17 25
11 24
16 30
7 23
4 20
4 10
15 30
3 25
4 14
12 30
8 30
3 17
4 15
20 29
21 26
3 18
7 23
4 29
1 26
6 8
10 20
20 27
17 19
24 25
9 29
14 27
12 23
21 30
7 19
4 28
8 12
9 19
3 27
18 26
5 25
18 24
18 29
9 11
25 26
8 12
18 23
