50
11 16
26 36
15 22
4 7
41 49
10 45
6 24
28 31
19 31
9 21
2 47
17 44
24 39
3 32
32 35
13 49
2 40
12 49
24 35
9 17
29 44
25 38
16 30
18 22
8 36
6 43
5 49
15 42
6 18
24 26
2 27
16 38
25 50
17 50
4 11
9 24
6 10
33 35
12 37
2 49
26 48
19 42
27 31
16 34
23 43
20 40
16 46
1 35
14 34
100
12 31
16 21
30 42
18 26
44 48
8 21
17 47
38 47
2 48
20 44
29 33
47 48
15 36
3 48
10 46
3 28
14 22
18 41
24 37
18 37
2 41
28 32
18 37
26 48
19 39
26 30
22 50
5 40
2 31
24 33
20 40
11 41
13 43
5 48
18 35
18 48
17 37
16 48
9 18
12 16
21 41
1 35
28 36
31 32
24 30
13 43
34 39
19 39
7 26
17 29
5 32
36 38
9 45
14 43
1 10
13 50
8 24
9 18
29 40
45 47
37 42
29 31
21 35
11 36
20 36
38 46
6 27
17 32
11 32
44 49
30 41
32 43
28 50
40 43
32 43
28 48
9 42
11 22
41 43
18 50
9 20
11 19
7 9
34 38
19 38
7 33
13 29
24 35
16 29
6 39
3 44
9 16
2 17
7 9
3 31
14 37
35 43
11 29
21 41
4 27
