86
68 78
34 61
64 86
11 15
29 59
26 48
58 86
30 76
6 22
35 68
23 73
31 62
58 67
55 76
14 64
31 49
24 50
25 72
26 42
30 67
17 25
27 29
15 46
10 62
11 45
42 72
40 76
31 33
48 82
16 34
37 51
25 60
15 39
22 70
21 48
34 37
14 17
13 23
42 59
19 69
53 66
47 68
7 68
32 35
22 43
33 45
11 67
50 82
14 23
1 73
4 61
78 85
49 65
11 84
28 38
31 74
22 41
24 85
5 52
66 85
12 55
18 79
43 78
32 71
11 28
9 39
17 56
9 51
20 71
18 54
52 72
36 43
11 79
23 83
2 51
1 75
52 81
19 26
26 63
4 44
2 3
46 80
50 77
23 57
8 68
100
31 68
47 74
37 80
3 49
49 70
7 76
71 75
49 53
12 54
3 67
48 67
34 61
37 82
29 44
16 54
6 26
12 48
31 42
32 42
42 62
54 81
73 78
42 54
3 36
61 62
11 75
19 47
5 30
70 75
20 47
33 85
66 81
31 46
45 70
39 86
9 42
53 55
4 16
50 70
52 81
43 48
7 34
3 43
4 56
13 50
64 76
34 67
13 51
13 81
20 52
18 79
33 40
47 59
75 81
36 86
6 29
36 39
2 48
34 35
15 30
17 34
48 74
44 54
53 74
31 59
13 77
53 60
55 73
62 68
30 81
14 21
45 54
14 72
54 75
44 61
13 65
3 68
27 44
45 78
10 11
24 33
50 76
30 31
39 63
13 61
35 65
29 49
36 66
28 46
1 11
21 60
13 55
31 47
39 78
6 64
68 70
6 34
45 63
57 78
27 42
