999
716 770
141 581
333 780
144 722
509 850
741 855
292 874
300 983
427 981
252 310
322 621
717 895
325 901
67 135
17 630
223 617
395 691
35 649
301 761
546 558
304 582
398 610
139 729
276 668
762 937
73 549
732 787
621 885
521 937
169 851
28 659
246 805
122 558
306 515
103 926
163 584
166 507
307 504
270 296
795 908
115 546
437 858
354 941
47 622
403 730
478 611
270 555
473 526
363 378
651 995
406 642
33 284
504 582
115 535
450 930
402 606
76 559
108 228
29 241
174 834
678 991
360 462
443 578
518 761
85 946
377 633
462 776
390 467
234 941
180 666
49 394
200 929
18 360
336 970
68 683
23 156
686 776
351 493
366 954
883 993
503 860
97 355
408 940
227 541
154 306
429 765
724 894
296 651
99 199
682 882
249 824
268 415
356 654
464 627
892 980
815 849
690 899
829 979
672 995
544 931
665 948
340 493
579 882
157 661
242 331
558 939
45 306
93 535
197 706
543 593
306 623
82 95
716 718
753 795
150 299
346 786
332 570
419 550
131 334
795 953
61 454
692 797
439 851
774 908
924 975
91 304
383 920
466 991
271 909
143 853
358 659
276 465
265 947
154 316
204 882
762 786
120 550
637 801
754 807
760 798
586 831
222 420
50 454
442 681
100 928
181 943
110 944
667 900
398 695
603 969
124 927
509 517
60 321
436 691
333 516
810 880
105 668
653 807
871 938
357 860
565 893
508 511
379 856
92 278
300 542
797 833
328 343
143 926
745 902
593 679
328 792
471 932
174 981
338 896
3 208
44 482
358 910
163 862
361 460
42 54
26 151
428 445
578 607
115 351
157 979
120 191
429 559
159 726
417 895
88 354
515 624
359 760
272 427
264 386
686 929
573 937
835 953
201 730
400 886
22 397
811 878
74 524
757 767
62 252
490 912
425 432
61 139
51 334
282 653
572 849
797 992
576 914
14 678
125 665
278 650
331 837
560 616
696 814
165 174
412 434
202 920
424 923
396 508
374 633
739 954
813 825
887 942
172 929
106 221
500 656
251 620
483 714
89 891
223 835
274 450
163 567
1 580
64 97
286 959
470 846
340 880
438 791
16 446
672 694
393 431
535 983
175 233
272 734
449 830
784 798
735 829
237 746
300 744
682 781
28 532
27 480
42 613
967 971
410 422
815 889
244 640
143 831
153 461
362 950
238 258
327 509
387 705
117 379
643 888
471 638
563 575
500 550
552 610
431 967
896 931
90 625
34 186
284 451
235 442
342 880
536 800
176 897
578 672
273 725
672 977
42 268
158 660
406 408
452 605
289 340
245 617
299 793
380 651
439 887
82 664
91 281
52 965
904 946
87 675
16 351
442 952
120 553
110 642
51 309
611 749
288 734
223 873
220 795
481 860
208 236
159 496
75 490
76 299
629 847
41 131
361 821
564 641
66 273
163 853
22 262
245 860
27 305
17 632
332 666
415 748
204 949
63 262
191 315
323 662
832 857
444 717
7 46
263 510
256 581
19 604
365 612
310 401
247 550
634 971
224 699
552 925
763 990
333 982
768 881
235 539
223 261
70 704
62 912
148 541
440 867
741 901
398 429
233 620
70 740
141 271
302 718
88 547
40 403
406 932
59 88
790 942
310 447
124 890
294 573
53 243
619 996
320 996
62 834
179 979
290 856
545 993
456 588
324 646
471 779
538 994
589 885
190 962
566 886
138 295
172 471
480 639
621 644
140 486
765 801
208 611
522 834
448 544
283 880
456 666
345 350
328 747
84 311
323 820
510 587
235 845
8 740
104 501
254 723
116 723
342 789
295 979
79 395
224 617
358 481
711 795
294 701
11 25
422 644
135 290
210 985
39 794
273 360
361 774
712 864
451 812
313 575
90 348
109 241
688 999
497 774
621 684
336 420
420 685
24 817
184 405
249 515
683 816
290 778
571 874
202 744
35 453
270 929
538 676
61 632
49 559
61 887
591 916
572 681
129 198
565 782
127 631
647 929
292 566
504 654
103 689
791 857
434 720
703 763
307 946
58 991
538 614
283 697
662 989
173 822
139 572
163 449
486 857
926 937
134 495
282 461
212 777
51 378
663 848
148 565
253 555
489 674
48 653
98 521
468 781
500 963
837 843
360 928
119 861
151 417
436 579
10 289
712 900
108 828
236 892
289 705
40 257
5 450
680 752
90 834
218 336
152 651
663 991
191 850
746 832
60 683
248 995
564 663
817 970
180 744
237 382
312 636
620 941
132 354
107 893
189 666
239 793
74 609
512 643
438 776
856 895
330 673
262 640
225 472
545 626
147 399
218 698
473 504
271 734
174 264
411 628
524 981
292 762
688 893
180 793
275 471
34 884
804 880
895 929
13 36
348 431
517 852
126 761
40 185
256 762
97 261
295 980
257 382
380 957
376 787
218 266
247 261
380 581
248 997
521 983
436 843
430 758
3 757
380 466
833 937
48 426
90 105
175 301
72 714
283 890
487 536
330 941
723 806
296 643
14 898
223 374
288 628
223 772
430 508
77 795
196 428
152 154
895 897
201 773
688 961
27 239
197 903
751 885
328 881
374 453
223 669
189 279
333 847
141 199
155 517
291 585
38 749
364 433
5 313
110 338
46 952
520 687
696 722
519 627
229 280
719 954
242 673
667 990
315 370
215 770
364 916
162 426
139 562
905 911
278 464
132 237
337 391
618 830
15 288
156 781
61 809
353 697
391 704
384 559
318 651
381 983
587 661
513 807
441 734
407 447
680 920
609 754
22 895
80 702
835 999
597 821
461 771
114 127
282 421
97 217
274 992
60 532
333 427
400 711
246 878
57 851
726 852
453 922
168 412
559 603
367 915
195 526
173 777
452 883
47 946
128 369
115 173
206 674
440 654
240 416
252 476
141 430
438 980
560 717
119 366
667 676
112 952
4 558
707 948
600 760
102 852
134 940
392 544
289 302
228 570
543 580
420 888
326 598
915 962
51 156
220 260
144 475
359 480
690 803
236 365
190 373
905 992
211 969
78 361
699 706
136 794
412 853
83 95
505 960
109 732
190 317
96 395
190 430
206 320
505 581
164 357
44 162
399 925
483 606
494 700
377 534
362 768
647 650
517 562
506 873
373 676
174 841
616 756
451 458
222 924
687 959
298 990
319 759
210 927
246 291
633 943
334 549
620 660
609 859
111 236
344 974
331 489
654 970
747 933
276 598
42 177
259 381
29 406
422 648
14 362
264 938
780 923
233 879
415 917
25 192
177 815
677 702
659 736
636 757
336 838
37 107
430 840
414 514
192 920
272 537
325 518
342 988
275 569
527 902
332 530
339 770
574 983
174 805
788 953
849 877
494 846
236 492
388 844
184 305
599 735
507 735
272 551
226 370
495 740
434 968
170 675
690 776
83 764
140 231
240 499
527 593
430 467
6 798
56 617
234 894
885 948
161 846
491 908
59 72
340 965
480 589
432 819
330 671
2 564
403 796
438 954
678 687
249 594
20 307
568 660
412 452
43 204
580 691
71 561
355 416
442 677
641 658
425 638
635 751
74 891
99 842
80 715
617 750
127 689
39 852
149 199
207 999
346 531
308 457
88 335
314 511
521 858
144 817
303 648
256 723
329 870
167 185
13 940
137 370
12 430
113 633
391 595
101 583
341 504
47 87
591 928
646 767
338 414
813 997
233 820
670 807
726 802
166 209
316 557
178 559
40 385
391 474
578 604
700 788
53 430
368 401
480 998
249 458
160 553
31 921
247 577
955 961
418 891
677 986
533 664
145 147
142 729
645 831
90 743
373 693
68 921
305 727
249 865
733 904
799 930
738 976
106 114
285 461
258 566
19 728
29 123
69 470
241 775
110 863
340 525
365 590
769 926
38 742
71 702
267 311
759 853
746 966
528 890
941 972
345 588
479 756
531 956
487 698
435 810
548 883
344 754
26 371
216 355
655 772
73 808
472 976
97 198
169 987
498 961
83 404
678 884
721 885
608 637
408 823
90 485
110 311
632 964
737 805
187 900
549 755
279 459
71 951
237 876
576 945
232 551
840 945
477 708
30 817
293 757
9 861
875 995
323 913
465 664
250 675
81 330
96 457
639 766
287 953
248 844
121 448
65 253
349 726
291 347
539 826
475 731
205 945
133 868
478 709
460 872
95 906
183 837
170 329
567 596
247 978
214 828
269 797
196 541
836 961
78 369
213 429
104 287
101 938
238 423
86 265
255 349
7 265
86 785
55 788
463 605
400 601
466 907
219 282
502 716
133 473
203 683
55 984
21 364
32 396
574 818
288 554
63 352
361 935
94 421
375 433
327 738
157 523
116 194
328 918
533 827
409 607
556 737
236 280
614 958
378 529
150 839
866 875
615 962
128 488
826 973
398 919
60 297
194 710
602 792
277 952
188 529
652 757
636 708
360 592
284 934
389 414
5 469
372 809
130 744
783 947
413 871
461 540
193 622
422 854
334 713
230 718
293 455
118 767
869 881
139 936
414 484
657 933
182 852
146 724
19 171
10
289 872
3 707
370 491
24 615
228 389
305 770
372 590
35 710
841 977
503 525
