1000
221 435
164 482
65 622
179 899
977 994
658 986
102 436
549 808
188 623
1 390
863 999
766 774
958 969
231 706
119 350
169 478
42 420
744 815
87 647
737 826
381 529
134 719
959 983
140 197
6 402
187 605
339 966
126 734
401 568
639 798
172 527
134 365
162 269
412 863
345 380
370 993
194 394
454 496
552 760
260 782
5 613
90 463
80 738
682 716
380 561
576 785
343 759
396 867
177 356
717 835
170 177
694 944
209 825
38 826
57 380
212 650
146 297
182 306
3 754
216 390
323 804
278 997
35 424
41 329
637 980
123 938
162 875
450 486
154 971
340 859
467 579
808 843
744 791
337 638
371 840
45 450
78 635
86 265
263 938
105 500
326 418
32 386
12 538
628 790
187 583
551 807
681 711
960 975
190 199
317 602
372 574
10 695
464 513
826 892
117 389
73 106
29 580
226 641
72 557
536 918
841 852
158 930
183 997
230 693
47 332
255 440
549 879
97 98
200 209
332 823
434 454
180 305
674 963
374 842
285 957
93 618
88 272
256 395
656 901
235 823
810 944
144 568
122 824
90 176
651 755
356 479
71 346
18 875
349 994
357 526
337 908
734 921
558 816
137 803
38 640
820 896
462 598
6 474
59 742
383 521
253 509
100 658
277 559
127 264
290 902
60 648
264 465
273 303
308 852
554 894
546 813
666 716
368 423
397 516
221 586
127 184
36 920
897 981
279 297
80 253
889 995
510 581
610 978
153 461
288 864
386 747
369 850
623 661
144 462
60 167
442 530
110 966
51 320
287 751
79 160
452 511
189 523
424 848
854 880
160 328
298 602
160 602
138 586
366 652
572 657
169 717
485 572
418 605
571 933
109 925
108 234
683 994
458 806
107 982
176 597
50 977
235 851
625 692
434 752
333 420
246 833
415 963
109 467
153 486
742 884
435 965
682 905
187 364
478 861
269 570
155 352
152 184
82 705
775 800
500 523
324 924
253 957
352 907
764 783
175 769
150 599
547 555
287 981
168 540
298 696
305 453
180 465
573 902
28 909
830 882
44 936
707 747
323 824
106 388
137 986
223 480
606 889
581 644
491 992
16 380
452 836
113 372
145 292
90 370
291 625
617 967
502 659
228 705
151 800
741 882
93 738
99 536
432 578
85 177
263 605
37 669
173 528
104 128
220 886
139 326
369 491
771 776
45 706
89 121
213 575
317 435
424 937
785 956
312 993
260 467
398 788
78 725
776 798
36 73
417 652
15 426
248 601
923 964
305 926
520 708
958 966
831 944
641 830
78 377
457 558
319 611
10 988
485 996
241 838
180 268
354 617
159 713
3 894
149 275
408 631
960 981
280 571
251 479
239 984
239 352
859 861
861 908
432 853
590 839
75 514
497 596
101 309
671 899
425 980
58 726
534 690
241 806
30 996
363 656
529 592
188 272
218 444
217 415
137 524
394 431
407 952
525 890
99 146
146 325
163 307
639 910
630 635
357 805
59 673
618 935
177 906
237 634
113 365
346 754
154 469
770 779
20 121
6 467
135 144
528 700
739 828
193 247
338 441
157 577
387 849
55 675
803 868
671 749
207 892
547 597
264 370
96 701
844 863
543 608
315 918
258 352
660 834
184 968
148 926
126 790
80 364
555 949
361 994
183 984
227 385
139 392
233 565
603 616
435 821
676 837
188 719
492 656
126 653
509 514
814 907
94 103
154 592
106 544
100 313
230 482
930 942
616 952
105 282
782 858
530 801
490 511
99 641
202 444
783 815
371 683
841 891
403 522
102 616
43 325
134 368
69 730
94 509
678 948
16 349
315 329
61 216
112 527
602 872
2 598
22 205
687 713
210 583
25 749
399 519
409 997
446 780
586 999
394 873
321 929
356 437
398 623
223 679
449 829
154 775
399 465
626 703
143 750
646 994
51 596
104 295
66 576
403 609
48 322
419 715
320 663
411 946
167 298
17 577
119 677
311 358
133 811
545 675
209 811
232 342
321 356
240 421
492 744
242 529
171 608
138 293
91 834
262 924
32 911
654 996
278 980
136 494
183 987
242 974
27 330
536 601
315 316
380 463
32 599
217 474
702 853
2 876
63 358
327 515
187 917
30 758
290 893
320 696
763 798
379 749
22 778
69 738
126 830
252 766
614 704
631 869
870 922
423 547
355 561
108 484
75 527
88 724
774 852
7 785
439 650
154 940
188 594
291 466
167 921
212 487
772 971
237 944
309 521
331 512
207 602
576 627
60 1000
700 935
275 428
1 244
20 679
41 444
520 614
254 986
104 202
9 838
517 753
19 787
113 811
89 297
663 712
496 971
230 716
784 897
839 920
559 950
246 934
519 847
204 753
404 793
495 609
677 909
696 879
411 662
132 377
155 744
449 802
699 893
344 906
581 712
71 469
153 513
578 819
908 971
165 366
339 943
204 351
254 374
710 953
113 750
20 494
165 629
956 974
216 438
132 840
227 898
78 408
298 558
358 774
571 751
27 346
187 262
72 796
57 831
360 652
660 966
457 699
357 809
60 499
55 746
434 766
481 898
7 216
64 704
455 994
53 111
167 389
52 325
702 895
181 652
120 146
483 604
42 366
663 837
413 874
260 493
575 721
114 391
631 774
173 838
248 600
235 642
206 911
129 500
148 876
108 904
224 247
89 704
784 793
44 659
74 701
379 747
135 826
153 932
101 315
25 823
153 349
412 414
442 867
370 982
226 473
181 356
397 758
771 842
462 996
337 909
267 735
775 874
220 947
267 976
221 823
95 689
688 765
829 854
150 744
38 97
144 896
125 244
301 968
152 448
585 783
498 781
16 357
6 165
76 256
55 439
196 346
710 798
559 731
417 935
279 382
186 420
184 323
553 820
580 907
655 878
379 396
619 795
593 797
197 605
477 771
664 758
534 738
419 887
341 416
606 856
388 448
67 647
129 936
44 823
370 802
366 633
295 672
112 547
359 361
487 716
281 666
42 204
124 731
348 764
307 515
396 883
182 530
29 336
4 932
723 973
698 867
438 582
137 485
49 797
976 992
701 912
269 568
15 204
684 727
68 318
77 258
631 881
178 655
492 512
473 991
927 944
447 457
743 991
499 622
402 942
432 655
267 284
515 578
14 18
428 470
654 915
8 968
43 589
21 392
166 474
500 945
305 443
234 290
172 645
94 501
224 594
421 492
361 962
22 63
659 933
56 60
571 958
622 817
200 976
203 205
625 934
519 723
157 432
265 725
568 587
777 882
508 913
297 612
748 883
320 541
265 303
106 507
103 760
266 671
477 951
53 414
406 998
400 623
438 779
84 235
408 481
342 390
787 789
566 913
45 983
170 419
82 375
510 626
33 325
146 989
376 494
67 327
10 605
92 405
196 286
323 713
356 387
618 860
243 462
486 577
142 990
649 686
203 539
777 995
117 620
145 248
183 299
230 685
975 979
131 630
108 212
277 787
233 835
220 434
216 888
44 562
45 607
495 899
259 358
682 950
81 562
877 944
53 786
22 373
6 864
430 902
394 469
520 550
294 843
400 537
689 984
318 774
375 891
364 591
6 83
131 855
328 948
786 818
669 762
291 353
724 998
686 801
459 879
588 773
31 697
506 759
505 1000
142 318
546 571
273 310
208 639
141 620
11 423
632 746
742 922
436 582
300 820
581 922
319 472
206 978
51 732
72 825
579 684
256 517
281 575
183 542
351 954
330 475
644 939
23 406
756 921
427 521
563 931
238 453
45 799
324 525
395 722
156 674
410 425
275 820
24 338
225 628
31 602
15 214
12 898
195 654
781 930
168 526
134 222
65 916
23 211
106 452
192 676
198 391
277 757
116 603
566 783
349 923
144 866
258 762
456 863
328 937
74 890
297 440
94 608
249 772
190 539
299 765
807 999
487 900
468 565
343 457
424 961
99 175
245 889
67 985
584 742
314 899
284 304
371 946
302 694
48 795
257 352
5 802
2 503
50 563
391 408
63 215
703 955
399 532
158 567
169 322
352 846
158 615
212 416
332 871
378 836
326 466
636 742
85 651
250 625
191 536
422 975
341 569
347 446
47 714
227 733
221 711
546 739
809 822
62 842
24 217
168 773
691 775
34 538
415 728
72 740
560 958
62 115
185 713
756 865
210 276
483 654
334 794
595 755
293 680
451 638
270 882
594 967
807 812
761 946
274 450
54 706
433 502
261 378
201 306
46 885
794 931
801 903
92 181
384 866
58 375
91 460
528 970
219 934
38 367
626 862
718 816
39 988
445 741
709 864
639 792
347 773
590 736
252 797
236 581
289 380
533 867
96 941
70 614
335 848
508 668
13 940
399 488
429 784
319 775
254 624
362 671
240 393
104 832
328 885
229 369
767 822
118 454
26 941
461 667
39 535
720 737
626 845
35 548
174 670
476 553
524 914
347 827
79 161
174 349
271 375
40 605
556 892
87 471
157 489
665 798
279 283
487 745
203 643
296 435
857 879
504 803
505 531
86 564
126 768
155 729
130 804
147 592
518 955
928 952
147 972
454 621
559 919
100
366 936
446 953
312 992
640 994
598 835
839 982
91 517
306 759
709 878
402 676
428 690
91 258
620 970
645 952
99 736
232 566
786 996
242 545
366 394
109 372
488 801
584 782
123 549
565 882
421 783
899 931
177 979
785 788
604 719
19 191
217 234
281 473
542 769
653 657
526 544
108 406
596 613
144 695
9 397
303 920
250 546
415 597
507 704
251 513
134 909
406 709
187 298
378 676
47 539
420 572
50 203
220 470
81 216
569 587
259 333
35 803
95 828
217 528
26 176
847 860
376 664
458 861
437 575
259 375
503 743
710 971
277 509
186 203
452 496
586 978
179 811
19 698
415 766
285 988
224 530
606 729
21 833
203 366
168 436
550 833
200 980
13 159
467 925
223 302
667 686
87 930
372 398
109 345
74 642
385 448
121 932
132 724
298 594
298 818
646 808
680 985
500 533
719 810
172 326
308 779
