200 100
1 56 93 8
1 79 165 -8
1 26 74 1
1 88 100 4
1 11 54 3
1 3 156 9
1 4 158 2
2 11 43
1 102 149 -7
1 119 181 -6
2 155 195
2 54 123
2 21 91
2 183 191
2 43 173
2 76 117
2 174 180
2 143 178
2 118 187
2 58 154
2 6 12
2 104 118
1 54 106 -4
2 32 170
1 17 36 -5
2 77 135
1 52 160 0
1 52 148 -8
1 131 162 0
1 76 142 -7
2 21 58
1 48 88 -1
1 33 179 7
1 48 65 -2
2 28 103
1 18 37 3
2 41 52
2 26 118
1 26 30 -9
1 55 81 1
2 20 140
1 63 148 4
1 98 118 6
1 9 148 -7
2 41 171
1 36 86 7
1 24 180 2
2 139 189
1 129 167 -4
2 159 188
1 110 151 -2
1 8 109 7
2 147 195
1 35 129 0
2 70 186
2 32 156
2 32 199
1 93 182 -9
1 43 182 -2
2 42 59
1 41 168 9
1 11 169 6
2 69 134
2 13 129
1 16 39 5
2 66 109
1 7 159 2
2 137 164
2 61 121
2 22 104
2 4 200
1 1 152 -9
2 8 64
1 18 191 2
1 117 142 0
1 101 102 0
1 148 161 -1
2 43 153
2 112 165
1 45 152 -7
1 95 115 -9
1 1 78 6
2 123 173
1 17 46 2
2 132 151
2 3 168
2 17 26
1 144 198 4
2 49 126
1 7 133 -1
1 83 110 2
2 59 191
2 99 162
2 52 98
1 117 124 -4
1 57 184 0
1 58 141 5
2 44 181
1 109 154 2
2 12 168
