250 100
2 123 241
1 142 163 19
1 79 151 -3
2 128 179
1 164 210 -1
1 5 47 -41
2 33 184
1 129 143 10
2 154 179
2 39 172
2 141 190
2 192 224
1 148 194 5
2 55 163
1 22 247 -27
2 130 165
1 14 21 -29
1 200 243 -45
2 140 163
2 11 17
1 202 208 43
1 30 175 28
2 37 166
1 37 167 -38
2 200 230
1 54 220 20
1 107 182 -5
2 19 212
2 181 182
1 3 111 -34
2 74 88
2 64 93
2 67 237
2 1 48
2 60 142
2 110 128
1 38 107 -43
2 58 98
2 128 160
1 123 144 -31
2 42 115
1 53 93 32
2 172 191
2 12 107
1 115 192 -4
1 55 73 -30
1 34 94 -42
2 86 163
1 12 148 11
2 142 190
1 37 197 -4
2 1 198
1 41 43 -20
1 26 173 11
2 6 46
1 2 229 -11
2 36 51
2 73 101
2 115 250
1 73 148 11
1 120 165 11
2 145 205
2 226 229
2 33 248
2 166 201
1 27 121 14
2 80 88
2 21 148
1 187 235 -17
2 2 226
1 137 205 49
1 46 148 -20
1 165 169 7
2 102 229
2 30 112
2 191 222
1 70 150 -14
2 148 153
1 2 165 -15
2 4 159
1 12 223 -42
2 146 220
1 37 244 -24
1 27 239 26
1 106 246 11
1 32 226 -27
2 14 187
1 180 217 46
1 196 243 21
2 82 112
1 132 167 17
1 34 225 -6
1 3 26 6
2 134 214
2 80 206
1 67 230 49
2 49 121
2 91 118
1 100 165 -26
1 208 243 0
