300 100
1 33 160 -65
1 14 282 -42
2 84 246
1 2 209 49
2 274 277
2 45 99
2 219 291
1 68 174 -58
2 18 156
1 17 120 6
2 82 216
2 123 242
2 9 199
1 27 156 -87
2 98 169
1 98 183 11
1 107 198 -27
1 13 255 87
2 172 244
2 76 286
2 64 255
1 16 175 10
2 256 261
2 107 229
1 67 94 65
2 12 198
1 150 232 -3
1 246 277 93
1 109 148 -70
1 70 232 9
1 101 241 -49
1 16 129 60
2 51 211
2 84 169
2 226 243
1 79 188 -52
1 10 41 86
1 122 269 -12
1 86 205 -46
2 154 195
2 156 245
2 125 188
2 67 253
1 272 277 62
2 184 225
2 248 264
1 30 201 -72
2 9 122
1 125 209 77
2 106 234
1 61 145 -66
2 55 284
2 163 272
2 8 57
1 103 182 -48
1 110 176 -41
2 50 299
1 159 217 40
2 159 181
1 175 242 16
2 126 285
1 15 180 -53
1 25 208 -4
2 32 206
1 126 259 0
2 136 216
2 13 173
1 22 244 -59
2 48 52
1 194 253 -48
2 62 248
2 105 196
2 145 156
1 21 228 47
1 107 160 -53
2 19 100
2 11 278
2 221 240
1 22 108 62
1 206 251 -35
1 73 130 -91
1 9 55 89
2 95 181
1 188 221 -36
1 72 224 78
1 54 253 66
2 99 149
1 185 188 88
2 168 212
1 4 56 71
2 51 214
1 61 70 87
1 21 105 95
2 182 285
1 21 296 -87
1 298 300 64
2 169 272
1 223 296 -37
2 184 267
1 86 98 -43
