500 1000
1 196 421 690
1 417 433 500
2 108 214
1 11 232 -241
2 107 315
1 215 467 -356
1 34 399 848
1 330 466 -983
1 159 315 -949
1 323 444 827
2 28 92
2 293 408
2 142 204
1 77 102 91
1 206 444 -808
1 64 184 416
1 44 95 -80
2 366 476
1 20 405 -628
1 271 295 885
2 284 294
2 225 393
1 121 341 -215
2 86 487
2 173 389
1 9 386 -642
1 118 464 42
2 22 221
2 127 332
1 338 467 -478
1 173 297 -325
1 77 263 -146
2 158 273
1 138 167 895
1 170 246 -532
1 218 288 698
2 80 114
1 80 451 -785
1 181 457 93
1 156 485 338
2 158 164
1 106 352 -823
2 56 175
1 29 344 209
2 114 418
2 173 432
1 201 373 -123
1 312 496 701
1 142 481 -980
2 169 358
1 113 450 -366
2 223 234
2 89 195
2 28 201
1 251 448 47
1 302 360 662
1 64 448 -717
2 94 209
1 4 361 -199
2 340 450
1 96 316 -488
1 53 279 209
1 17 319 -231
1 162 195 103
1 248 264 -941
2 338 472
2 315 487
2 69 154
2 129 377
1 9 14 -868
1 9 348 543
2 181 394
2 151 343
2 12 424
1 164 283 -699
2 70 159
2 276 417
1 228 397 -338
1 308 380 -445
1 186 417 -284
1 172 214 313
2 144 197
2 208 403
2 5 176
1 301 474 -594
2 125 388
1 14 258 -60
2 196 209
2 287 317
1 10 192 443
1 158 366 619
2 238 375
2 490 495
2 302 310
2 42 479
1 372 429 176
1 277 368 -803
2 332 440
2 140 373
1 198 310 43
1 195 449 871
1 331 477 519
2 238 328
1 124 487 964
1 281 305 824
2 79 168
2 408 443
2 73 341
2 313 495
1 10 76 250
1 17 40 19
1 138 184 -189
1 20 448 465
2 20 377
2 353 377
1 243 276 -438
1 274 360 497
1 166 356 -403
1 135 214 -738
1 117 473 296
2 143 277
2 342 378
1 232 233 422
1 324 370 -444
2 152 272
1 307 460 638
1 330 463 77
1 268 362 555
1 244 337 -834
2 127 455
1 16 40 355
2 64 93
1 92 342 -168
2 435 448
2 105 457
2 34 460
1 99 376 975
2 198 387
2 81 464
2 148 178
1 182 295 -756
1 181 459 -100
1 18 247 274
2 250 376
1 36 152 -162
1 159 343 -980
2 172 271
2 71 301
1 193 446 639
2 184 326
1 251 413 373
1 60 240 -927
1 227 241 -543
2 57 388
1 208 269 815
2 15 180
2 116 457
1 322 452 932
1 346 458 -575
1 112 225 -574
1 206 319 522
1 403 411 -683
2 366 500
2 222 405
1 106 444 20
2 30 125
1 349 356 -542
1 207 415 16
2 208 230
1 302 359 741
2 92 136
2 74 323
2 130 300
2 370 428
2 190 209
2 54 368
2 181 384
1 269 400 475
2 134 452
2 329 422
2 314 380
1 88 200 948
2 14 43
1 343 368 -304
1 92 212 801
1 42 221 247
1 48 91 50
2 55 439
1 129 288 -862
1 320 402 -356
1 162 316 98
1 47 393 348
2 208 476
1 229 277 763
2 25 134
2 281 472
1 260 302 -822
1 83 173 523
1 233 394 -708
2 235 308
2 47 244
2 132 431
2 478 499
1 216 421 852
1 34 386 -93
2 181 452
2 11 324
2 375 480
2 130 166
1 307 488 694
2 49 211
1 374 454 -113
2 286 472
1 300 478 -271
2 178 225
2 77 281
2 224 257
2 51 241
2 115 278
1 249 377 -857
1 433 462 -802
1 143 144 421
1 114 205 564
1 34 437 309
1 31 104 -51
1 196 341 -605
2 46 182
2 202 425
1 337 440 403
2 282 373
2 238 352
1 255 284 -636
1 160 206 -722
1 70 253 314
1 243 266 -730
1 98 254 -323
1 109 287 704
1 167 497 261
1 215 457 -873
1 286 488 476
1 30 500 -645
2 117 411
1 266 449 -60
1 70 473 830
1 458 487 734
1 102 167 844
2 9 88
2 396 449
2 12 12
1 323 459 -224
1 163 326 761
1 316 362 -518
1 140 490 434
2 50 281
2 271 332
1 269 360 -487
1 251 315 -840
2 305 401
1 461 492 178
1 236 304 -382
1 121 227 833
2 91 495
2 120 360
1 188 310 -97
1 30 152 -816
1 121 210 -26
1 87 318 -802
2 30 273
1 189 359 -825
2 391 447
1 184 315 215
2 189 407
1 46 474 -777
2 4 114
1 147 285 782
2 216 298
1 137 399 516
2 285 429
1 84 385 92
1 312 364 438
2 118 478
2 135 189
2 263 291
1 163 208 -837
2 132 494
1 17 256 997
1 145 157 -928
1 172 474 296
1 112 395 226
2 352 352
1 132 298 -684
1 159 199 -399
2 85 410
2 484 494
2 350 367
2 423 491
2 212 277
2 94 449
2 175 319
1 107 364 -691
2 212 339
2 71 152
2 20 260
1 94 340 -747
1 25 51 501
2 171 264
2 62 193
2 417 428
1 337 482 388
2 178 334
2 274 399
1 143 375 199
2 130 207
2 176 298
1 283 404 -399
1 118 262 -958
1 407 434 -584
1 57 167 -331
2 140 281
2 180 281
2 51 174
2 140 190
1 6 468 919
1 224 359 241
1 123 223 540
1 168 231 -283
1 248 313 -18
1 80 370 887
2 153 369
2 284 431
1 321 420 -739
2 245 434
2 64 157
2 196 427
2 142 176
2 23 255
1 135 200 665
1 114 346 258
1 203 333 689
1 177 332 -138
2 372 442
2 41 479
2 129 335
2 5 54
1 109 422 456
1 389 468 -486
1 111 289 -252
1 51 253 -559
2 200 461
2 192 457
2 322 440
2 183 452
2 255 497
2 43 303
1 248 417 643
1 202 434 691
2 164 324
1 238 347 -801
2 13 299
1 381 445 -925
2 137 267
1 108 229 425
1 196 217 46
2 28 55
1 188 200 497
2 102 211
1 131 197 975
2 67 493
2 70 246
1 66 483 486
1 195 204 -70
1 9 174 -239
1 6 241 136
2 41 158
1 8 438 7
1 49 326 -298
2 163 358
1 107 262 -465
2 327 454
1 327 405 679
2 47 58
2 255 305
1 197 215 -478
2 60 142
1 270 403 -405
2 204 349
1 75 490 168
2 232 375
1 73 241 -473
2 118 469
2 61 399
1 24 28 -466
1 118 351 54
2 146 146
2 35 41
1 236 265 -307
2 19 204
1 80 96 228
2 75 332
2 216 245
1 204 247 695
1 102 315 -491
1 137 465 995
1 69 353 -65
2 373 381
2 34 440
1 184 369 988
1 146 235 -760
2 24 297
2 211 240
2 153 233
1 135 155 -404
2 216 280
1 173 314 49
2 226 428
2 214 277
1 286 483 -985
2 151 174
2 93 440
2 155 394
1 130 330 -122
1 461 487 379
2 46 424
1 218 472 691
2 240 370
2 161 238
2 483 500
1 60 315 -863
1 1 158 385
2 124 357
1 19 459 -885
1 254 428 -559
1 25 249 488
2 69 107
2 250 494
1 15 212 89
1 214 254 529
1 60 182 -658
1 119 174 -351
1 102 371 257
2 132 483
1 40 387 721
1 26 382 930
2 83 248
2 58 186
1 394 487 -788
2 44 337
1 26 422 550
1 338 407 -542
1 192 436 598
1 165 271 629
2 97 490
2 73 270
2 407 454
1 77 358 -468
2 367 431
2 183 486
2 216 430
2 17 339
1 126 278 276
1 192 362 -882
1 46 399 -213
1 262 280 28
1 143 488 -869
1 263 272 -579
2 66 83
2 49 181
1 489 495 -875
2 151 464
1 38 269 -554
1 137 434 -197
2 60 423
2 291 435
1 134 220 687
2 30 295
1 221 442 914
1 458 462 0
1 63 211 -663
1 44 214 792
1 275 426 -675
1 86 106 692
2 88 128
1 433 456 348
2 103 326
1 170 488 -732
2 248 439
2 178 381
2 135 280
2 197 410
1 181 314 146
1 265 342 128
1 72 316 -221
2 97 294
2 102 327
2 213 392
1 18 26 -626
2 17 242
2 161 209
1 77 151 216
2 24 149
2 215 354
2 288 483
1 36 382 -743
1 305 399 -480
2 37 258
1 313 343 -557
1 178 321 -288
2 103 454
1 284 357 469
2 174 270
1 249 265 973
2 35 176
2 23 400
1 240 351 386
2 106 394
1 156 414 537
2 62 269
2 240 283
1 178 193 221
2 91 199
2 6 422
1 139 267 -577
1 24 399 -583
1 240 382 903
1 105 353 -926
1 197 402 -280
1 405 470 -65
1 110 161 133
1 349 487 259
1 41 497 -570
1 212 423 492
2 33 337
1 50 287 388
2 9 298
2 125 239
2 378 415
2 270 359
2 6 464
1 318 474 393
1 112 123 420
1 203 451 -879
1 70 128 283
2 103 310
1 147 230 -695
1 312 319 -264
1 155 490 909
1 61 245 -700
2 137 151
2 200 405
1 213 313 754
2 30 489
2 9 57
2 361 421
2 450 482
2 6 209
1 124 260 -7
1 352 439 -727
2 54 286
1 18 127 -198
1 117 161 856
1 158 418 208
1 61 163 -136
2 58 344
2 14 82
2 142 198
2 109 477
2 353 361
1 63 445 757
2 40 306
1 106 486 908
2 200 291
2 368 429
1 5 142 -165
1 192 285 -932
2 275 343
1 356 459 -143
2 80 195
1 238 346 643
2 231 481
2 458 461
1 376 451 366
1 273 373 460
1 110 114 -93
2 186 367
2 17 340
1 120 201 -141
2 221 408
1 32 318 -600
2 297 489
2 10 109
2 282 442
1 243 403 133
2 37 444
2 27 202
1 137 481 856
1 130 261 -675
2 89 484
1 157 365 349
2 294 443
1 236 277 -660
1 225 298 -846
2 287 359
1 283 378 -862
1 12 484 -488
2 280 399
2 332 396
1 25 269 -610
2 7 221
2 70 474
1 294 380 896
2 82 261
1 71 343 174
1 105 377 -64
1 283 420 -444
2 267 328
2 106 477
1 110 211 674
1 3 189 741
1 32 119 328
1 74 492 -5
1 319 441 -117
1 54 136 -707
2 43 376
1 89 315 12
1 25 43 149
1 15 351 -621
1 144 234 -965
2 279 486
1 269 493 -453
1 97 327 442
2 276 421
1 108 212 -275
1 280 317 -790
2 342 426
1 58 184 109
1 74 295 528
1 127 212 699
1 240 284 -61
1 338 391 545
2 293 464
1 262 408 789
1 51 291 725
2 69 184
1 50 332 -614
2 124 199
2 277 299
2 3 9
2 153 238
2 75 473
1 222 329 125
1 223 286 -582
2 170 459
2 269 448
2 106 334
2 228 304
1 5 320 0
1 93 193 575
1 147 370 -548
1 196 256 119
1 334 464 531
1 154 425 582
1 263 425 -926
2 288 355
1 173 467 -255
1 14 272 566
1 108 415 -4
2 44 475
1 237 366 96
1 206 241 595
2 311 329
1 163 362 -648
2 171 479
2 256 472
1 51 259 -620
2 70 382
2 429 451
1 150 202 -920
2 109 253
1 94 496 688
1 16 133 -781
1 88 117 -872
1 63 224 928
1 299 339 -704
1 64 434 -23
1 129 440 -453
2 158 395
1 251 390 900
1 133 267 -848
1 323 342 -410
2 309 421
2 7 407
1 163 303 877
2 43 158
2 65 239
1 74 162 -614
2 175 337
1 108 372 583
2 105 438
1 83 109 621
1 106 178 -160
1 235 334 -599
1 20 75 273
1 197 387 -960
1 153 256 -79
2 342 364
2 454 493
2 25 155
2 267 435
1 303 351 -41
2 164 367
1 130 168 952
1 427 479 314
2 119 443
1 137 434 287
2 311 460
2 340 411
2 13 22
1 311 416 -662
1 224 416 388
2 412 463
2 202 256
2 3 473
2 57 252
2 62 250
1 79 439 -358
2 160 314
1 25 200 -48
2 18 65
2 143 414
1 205 373 368
2 61 155
1 332 400 -787
1 102 210 90
1 144 349 986
2 175 373
1 31 146 -578
2 284 340
2 222 243
1 192 342 -329
1 133 189 756
1 181 383 -766
2 20 280
1 120 476 -197
2 249 456
2 105 429
1 146 371 366
2 229 350
2 149 477
1 281 376 -536
2 185 493
1 177 322 645
1 159 384 575
1 431 471 -186
1 36 168 -771
1 105 499 372
2 33 407
1 116 142 864
1 313 420 600
1 294 350 -991
2 21 351
1 301 362 51
1 169 170 -209
2 187 227
2 108 310
2 22 265
1 342 422 -779
2 188 487
1 315 372 359
1 50 263 -918
2 29 178
2 100 104
2 447 473
2 11 231
1 45 176 -140
1 158 464 -580
2 137 459
2 278 368
2 141 341
1 352 427 524
2 187 413
1 97 237 41
1 293 462 160
1 140 349 -742
1 214 378 361
2 46 321
2 206 348
1 124 125 -8
2 302 480
1 440 465 251
2 10 307
1 67 224 192
2 122 313
1 171 343 780
2 343 409
2 14 229
1 180 361 794
2 219 354
1 186 448 -351
1 42 281 514
2 257 307
2 280 418
1 426 464 -838
1 262 389 989
2 48 187
1 10 459 693
2 170 334
1 74 248 -490
1 27 209 -17
2 242 494
1 87 321 100
1 49 261 -284
1 151 454 182
1 279 296 416
2 378 444
2 180 342
2 224 348
2 275 417
1 6 350 366
2 32 137
2 253 411
2 130 137
2 202 365
2 133 478
1 318 477 658
2 27 148
2 8 192
2 276 392
2 114 159
1 228 382 -971
2 42 162
2 324 377
2 139 245
2 274 281
2 179 292
2 381 489
2 393 413
1 249 296 232
2 155 269
1 358 418 -138
1 210 225 995
1 381 415 -642
1 33 56 -760
2 341 472
2 52 354
2 130 333
2 383 421
1 377 397 -876
2 41 227
2 302 438
1 253 256 -875
2 86 397
2 77 221
1 61 190 -208
1 95 253 -218
2 31 267
2 254 346
1 28 390 441
2 112 355
1 288 378 -389
1 2 427 -651
1 154 280 -460
2 85 433
1 14 426 819
1 25 159 -322
2 284 452
2 141 206
2 121 329
1 195 360 357
1 33 460 965
1 63 185 -263
1 329 482 151
2 18 352
2 190 440
1 6 468 45
1 49 483 495
1 309 486 -161
1 285 427 -930
2 308 352
1 79 158 -925
2 115 475
2 387 455
1 155 376 916
2 102 310
2 26 53
2 210 447
2 145 200
1 256 374 -350
2 254 484
2 60 115
2 176 244
1 33 49 793
2 48 113
1 176 351 104
2 77 398
1 152 283 -427
1 34 329 721
2 422 499
1 31 424 565
2 98 174
1 18 120 -924
2 70 369
2 323 449
2 8 460
2 49 280
1 40 204 925
2 286 407
2 345 377
1 211 380 581
2 323 345
1 256 381 513
1 13 406 -52
2 9 266
1 172 283 -500
1 197 203 107
1 103 321 588
1 254 310 -781
1 125 289 748
2 371 473
1 377 437 -789
1 161 261 963
2 32 401
1 32 74 385
2 18 31
1 187 345 -390
2 64 172
2 143 157
2 71 137
2 151 232
2 219 435
1 362 481 -703
1 100 335 410
1 346 487 -677
2 202 462
2 84 465
2 170 404
1 143 251 -799
2 138 186
1 220 320 563
2 235 479
2 341 470
1 58 463 -631
2 13 136
2 369 407
2 136 358
1 99 278 -81
1 309 393 784
1 23 134 523
1 75 362 671
2 205 209
2 106 151
1 151 466 -297
1 246 326 673
1 82 297 241
1 274 328 -276
1 90 314 -812
1 188 255 339
1 341 493 321
2 129 443
2 130 368
2 161 328
1 97 448 -302
1 196 285 126
2 248 343
2 185 255
2 121 199
1 206 286 -588
1 46 347 556
1 291 424 -64
1 110 178 330
1 347 360 509
1 21 376 27
2 64 112
1 64 393 102
1 160 375 -730
1 35 72 230
2 355 396
1 175 240 558
1 314 363 -455
2 354 403
1 303 322 880
1 171 305 -844
2 335 344
1 272 321 194
1 35 189 -491
2 46 325
2 265 357
1 237 474 -807
1 55 128 -304
2 160 300
2 166 439
2 128 359
2 125 303
1 323 340 -278
1 179 470 -84
1 118 257 489
2 271 430
1 6 265 988
2 282 479
2 195 366
2 82 479
