100000 1000
1 27810 31504 -3
2 2974 49527
1 17659 28442 -6
1 29897 31829 6
2 4504 52916
2 7125 79762
1 32454 39589 2
2 11456 18449
2 10775 49167
2 16144 80158
1 7242 60248 -8
2 12838 72916
1 46821 71432 2
2 49142 98229
1 65365 66464 -1
2 17867 62175
1 8396 15807 6
2 24222 82879
1 43025 49166 2
1 45081 55774 -6
2 34381 51177
1 32948 94557 0
1 17347 67795 0
2 6961 69792
2 7594 39571
1 39322 96570 -7
2 55957 87283
2 9423 12538
1 22941 80607 3
1 19582 41120 0
1 15618 87151 -6
2 21878 58106
2 51987 80650
2 67646 96841
2 42886 88712
1 619 27669 -1
2 50213 63159
2 68198 77962
1 37457 50046 2
2 52569 95280
2 3395 71654
1 790 32941 2
2 78044 92723
2 2016 26349
2 70939 99294
1 16355 51373 9
1 69444 89219 -8
2 5437 46922
1 30211 91039 -1
1 49371 80370 -2
2 13535 53452
1 16347 77272 1
1 82823 94703 -7
2 4631 11333
1 5390 67514 5
2 67312 74797
2 64841 74626
1 51924 63883 -8
2 59826 89838
1 16976 33172 4
1 69159 88436 -2
2 26947 92520
2 58466 58652
1 6747 72004 -2
1 20989 36459 1
1 70639 75028 -8
1 26127 75016 6
1 45619 55691 3
1 32261 95362 -5
2 50878 54788
1 35796 67987 -9
2 514 89628
2 28331 30035
1 38289 94657 2
1 90999 93644 -3
2 3262 54115
2 32995 78107
2 18973 39262
2 11003 80227
2 74065 85867
1 27801 71926 4
2 76928 87339
2 16742 28642
2 20951 78639
2 61495 76428
1 34292 42988 -6
1 59181 84496 0
1 19047 81893 5
1 2492 43342 1
1 23454 36453 -9
1 40372 65879 1
1 5843 46213 -6
1 24166 46475 5
1 36390 57714 -3
2 20993 62351
1 22401 97014 8
2 19524 48671
2 21643 51887
1 11704 64417 -6
1 28066 34526 -6
1 37268 74689 -2
2 32397 57521
1 47191 52571 -9
1 7947 85896 -1
2 52694 97886
1 20243 98087 5
2 20318 58369
1 42931 51422 5
2 48273 86577
1 18987 37109 0
1 6186 17056 0
1 58016 65350 0
1 1733 74210 -5
2 61061 95249
1 23743 56669 -9
2 21828 59164
1 7507 90181 -6
1 85665 88415 0
2 31984 41363
1 50590 95934 -3
2 13991 97208
2 59095 78285
2 11867 31612
2 52391 92488
2 65702 71048
2 36105 72028
1 77103 87053 -7
1 79138 98436 8
1 12548 61514 0
1 4918 92491 6
1 58493 97938 -3
1 4762 61836 -6
1 69719 76372 -1
1 54161 60853 7
2 19652 84132
2 16810 54323
1 10634 48866 7
2 45261 53019
1 45976 49145 0
2 4663 10097
1 56460 76997 2
2 46657 86459
1 14574 28155 4
1 15357 48416 -1
2 39181 65116
1 67198 90484 -5
1 52973 60629 -2
1 14713 31077 -4
1 16107 27030 -6
1 55885 93828 -9
1 82460 85539 6
1 32005 97937 -6
1 6259 18971 -3
1 28411 99876 8
2 56624 84532
1 9956 78143 5
2 58886 90772
1 13751 63368 -9
2 23720 98334
2 1720 25848
2 5762 17131
1 15550 94771 -5
2 25275 26470
1 22973 45820 -3
1 16599 86975 3
2 26253 47653
1 16184 25098 -8
1 71801 80027 -1
2 14976 54393
1 77076 96443 0
1 19357 93568 -5
1 38187 51312 9
2 34128 63607
1 75038 90278 6
2 64417 93574
2 64549 83465
2 73908 90505
2 40150 74630
1 78921 89086 2
1 45615 67249 -6
2 57801 79829
1 10842 36425 8
2 65144 75238
2 1037 20624
2 565 54318
1 17973 45321 -6
2 19002 67437
1 56503 74071 6
2 49662 95035
2 11929 35424
1 3685 83553 3
1 28523 90072 5
2 4572 73472
2 1819 69942
2 6974 64820
2 25524 26891
1 15723 81146 8
2 77588 98319
2 9663 98972
1 29489 69014 5
1 47611 95532 -7
2 12921 19359
1 3984 61386 -8
2 20482 38612
2 8219 81972
2 53705 94934
1 75843 89601 7
1 82458 83535 -9
1 56690 73870 1
1 26001 33746 2
1 26421 27675 3
2 28986 50662
2 19678 75436
1 40715 49491 -4
2 13107 34265
1 85856 86219 -9
2 128 3763
1 4209 93182 4
2 25792 77231
2 84874 90806
2 556 46120
1 34934 78215 -4
1 21164 54523 4
2 49868 68993
1 3963 6305 2
2 81876 97796
2 9938 78860
1 61712 71743 -1
2 14568 90478
1 8174 42155 -4
1 9941 31682 3
2 50022 72204
2 36985 72420
2 61959 80305
2 35040 83902
2 33867 97099
1 48907 73789 0
2 23417 37784
1 2172 89599 -6
2 38860 40074
1 11488 26082 2
1 37280 66542 0
2 3309 79795
2 34326 39242
2 19023 83535
1 18039 19926 5
2 9310 63458
1 25748 93959 -2
1 37272 38570 9
2 71067 76412
1 1134 35449 -6
2 34054 89351
2 35491 87127
1 19285 31378 5
2 40165 99080
1 30070 38139 -2
1 73706 96557 -8
2 47386 85680
2 40017 49195
1 57544 63486 -7
1 13923 52593 0
2 3196 75623
2 73088 76288
1 32025 55129 -2
1 20699 60585 0
2 17605 18723
1 42554 96451 6
1 32301 96716 0
2 16089 78096
1 348 11777 -5
1 18822 31800 -1
1 60887 98261 -3
2 90808 97460
1 17258 73178 -2
2 91846 95059
2 20306 39314
1 9565 30997 2
2 5580 85167
2 21394 28234
1 41966 92600 0
2 52281 91146
1 23257 85449 -4
2 10212 66009
1 23502 94973 0
1 23953 40405 -2
1 11172 71403 -2
2 20965 67161
1 17236 48866 -9
2 39623 58905
1 5487 10526 9
2 2948 17606
1 14909 57310 5
2 12200 76183
1 70199 81923 -8
2 52394 68553
2 3642 90075
1 5696 32072 7
2 25041 92674
2 15722 19330
2 27258 57435
1 33946 73965 -9
1 21717 84724 0
1 20090 39654 -2
2 61082 95272
2 7551 71559
1 3945 19269 4
1 49912 61897 3
1 24304 53428 -5
2 2053 28993
2 89918 90819
1 55304 68208 -3
2 1790 49012
2 80018 80914
2 50998 96906
1 32292 84508 9
1 57054 76477 -8
1 28655 85359 2
2 12556 32151
2 55069 89216
1 51829 94536 -9
1 9466 88990 -8
2 44747 55371
1 87305 97247 4
1 62370 62639 4
1 50690 69069 2
2 45531 98258
1 8111 67662 4
1 53710 80712 9
2 60730 77663
2 67527 84290
2 41962 87201
1 8272 76664 -2
1 36822 92896 2
2 45695 57664
2 28997 35667
2 6204 50087
1 19132 49944 5
1 55417 55995 -9
2 73434 84076
2 6645 45257
2 2646 65357
2 65631 67741
2 3400 56944
1 24123 30409 3
2 35606 68722
2 89837 93377
2 1993 39622
2 8219 68941
2 18863 37486
1 51445 87110 4
2 74945 86675
1 13742 77229 -3
2 2636 81257
2 46798 98264
2 37703 60573
1 25002 31142 -7
2 13789 51447
2 17923 55033
1 33626 75943 4
2 11379 49108
2 40875 71888
2 3888 59085
1 11997 66212 4
1 39615 62452 7
1 6697 86918 -1
2 27786 87984
2 30703 34007
2 266 8507
1 2678 22029 -1
2 58125 58466
2 24586 52889
2 45770 56096
1 14430 95902 -8
1 3980 36308 9
2 48162 72959
1 27412 96775 -1
2 19685 76524
1 33931 46311 2
2 32223 32304
2 35374 83013
1 20280 62842 9
1 57184 63913 5
1 75753 76112 2
2 908 69433
1 2877 49861 0
2 43905 53268
2 46149 97681
1 36621 68293 -9
1 52539 72456 2
1 56490 71132 1
2 10461 37123
2 1574 88357
2 26889 51057
1 55273 72707 3
2 6989 75131
1 42944 74915 -9
2 73577 90921
2 4084 9830
1 77406 81397 3
1 81985 83066 5
1 32206 49403 3
1 19747 57277 4
1 60082 82576 -8
2 8498 73664
2 8134 85682
2 13113 99959
2 39006 65073
1 1684 11212 3
2 22986 51836
2 34449 53752
1 59968 85338 2
1 84312 85007 4
2 29164 34622
1 19994 57977 -7
1 37436 49808 8
1 14001 54390 8
2 10969 30766
1 4119 59350 7
2 50815 69420
1 13826 67737 0
2 73719 99959
1 47006 86402 6
1 45339 84734 5
1 4798 90639 -6
1 55269 97365 1
1 63345 66380 -2
1 75496 84194 -3
1 4782 48260 4
1 78463 92080 -7
2 1561 29380
2 38867 54343
1 24717 71835 -6
1 64825 95694 -8
1 19057 90380 -9
1 29297 84306 1
2 12216 93390
2 12278 95424
1 10637 61980 7
2 22875 52486
2 37859 96340
2 32808 78791
2 64371 93840
1 57265 76078 5
1 13105 54500 -5
1 26386 82012 -7
2 51583 53187
1 38960 69681 4
1 53317 67602 -1
1 40513 62695 -3
2 47389 53117
1 38226 70580 0
1 21918 47536 1
1 19997 47158 2
2 6047 8332
1 21879 26098 6
2 36332 85823
1 9180 55674 -2
1 21285 89957 -2
1 34088 91395 5
1 36823 46235 -9
1 76122 78568 -3
1 1651 53755 5
1 41018 57071 4
1 90357 98526 -6
2 81921 96558
1 84640 85038 -5
1 25462 28006 3
1 60521 76383 2
2 27100 72559
1 75290 84902 -7
1 12273 51465 -2
1 24554 42894 -2
2 29423 85716
1 29221 48586 3
2 73981 82920
2 32253 74080
2 42978 73510
2 13288 54864
1 22623 22850 0
1 39060 74167 -9
2 80110 84320
2 51160 71079
1 37523 40848 -3
1 6328 61160 -1
1 14602 17586 -7
1 33657 46572 8
2 12485 63605
1 28925 65109 -7
1 16458 38683 5
2 42176 85597
1 71692 73851 -4
2 85420 97333
2 10109 24963
2 18884 38742
2 15682 27364
1 8570 51269 1
1 30082 38152 4
2 45500 58523
2 25907 78957
2 7175 28769
1 58981 76547 -6
1 47298 99696 2
2 16902 86465
2 23830 23882
1 40747 48824 -2
2 36137 70986
1 61606 65644 0
1 43380 49016 -5
1 12113 63292 -4
2 291 22625
1 23705 36502 7
2 18741 33882
2 37536 69578
1 16605 29263 6
1 25104 92173 -7
2 22326 37139
2 5776 40045
1 25213 32575 4
1 956 95937 4
2 80260 87467
1 23776 90078 7
1 61417 69652 5
1 88601 92964 2
2 15520 20708
1 67944 69641 9
1 10457 92558 0
2 49996 61988
2 28268 63180
2 8894 42713
2 8408 65631
2 8251 38280
2 11352 26239
2 5908 56432
2 80075 81514
2 42101 61899
2 3058 84726
2 6806 86030
1 83529 93592 -7
1 27444 63415 6
1 49431 61394 1
1 32146 99525 8
2 52307 72163
2 28630 50357
1 35935 65618 -6
1 3113 28237 -4
2 37469 47154
2 5020 44467
2 55528 87700
2 8338 70193
1 29387 97849 4
1 4803 34671 8
1 3597 54547 -9
2 72701 92863
1 19315 88918 -1
1 1184 39660 -7
2 16790 64126
2 21361 31949
2 34227 34385
2 21603 42565
1 15837 90676 -8
2 13653 86656
1 54907 65814 3
1 17106 46154 3
1 28482 74230 -1
1 44105 79952 -1
2 37801 63530
2 3641 11444
2 6683 37371
2 52102 92522
2 34368 68134
1 9094 82678 7
2 27315 62329
1 15602 30112 -1
2 43205 99022
2 41210 78749
2 8997 76409
2 34586 99873
2 44437 74356
2 29223 79449
2 53399 62465
2 38994 62750
2 90104 94295
2 78609 79322
2 42663 77320
2 3017 18298
2 29358 56311
1 47545 70209 0
1 53356 93321 0
1 242 70492 8
1 24293 30138 3
1 33032 38924 0
2 35278 49980
1 24183 95242 3
2 17536 34601
2 15380 56599
1 63853 89702 -1
2 10063 47515
1 13030 83758 9
2 4696 15798
1 61778 81022 7
1 21830 37252 -5
2 72631 81869
1 35423 97561 -4
1 46527 77075 -3
2 9785 62852
1 9154 71940 -3
2 33921 71291
2 53772 71971
2 30521 62331
1 29627 65576 -9
2 48275 76935
1 54679 87020 0
1 73614 75986 -3
2 5838 72009
2 27787 43113
1 19663 89712 5
1 7230 82784 6
2 9559 29950
2 41519 64204
2 45609 50495
1 28662 96696 0
2 66155 85744
2 18906 97893
1 2071 77469 2
2 83819 93971
1 48339 78943 0
2 19254 72710
1 19494 79020 4
1 58974 66216 -7
1 23227 68898 -7
2 38298 59358
1 56027 68346 -6
1 25072 57831 -6
2 18966 95660
1 60 24357 8
2 25434 55766
2 6064 96216
2 3111 12053
2 58702 77052
1 61120 74146 -2
1 44366 58663 6
2 38260 60493
1 39774 93114 0
2 65248 67600
1 22206 52500 -8
2 44108 61904
1 11704 33784 2
2 25701 95074
2 10932 20826
1 25823 66025 2
1 3414 19867 -1
1 3226 42473 5
1 9397 75771 -1
2 10337 70909
1 50735 65874 -4
2 17947 24220
2 23221 30180
1 50688 57765 -8
1 14097 94744 -7
1 25244 98125 7
1 5585 17152 2
1 30357 31016 -4
1 83256 94055 -8
2 1798 48710
1 1382 14417 -8
2 40323 41184
2 37580 82878
2 39619 85795
2 27593 96605
2 9758 27664
1 6341 91419 -5
1 22448 31388 6
1 39044 89129 -2
1 66366 84633 -4
1 6547 90359 0
1 36281 82666 4
2 2316 10042
2 44764 87348
2 77396 99182
2 66336 84029
1 54723 96867 -7
2 40137 73485
1 21049 84437 -9
1 59497 63066 0
1 74204 74269 -4
2 21727 80684
1 631 17258 0
2 10655 16178
1 75867 98991 2
2 34361 49502
2 77622 89743
2 20881 50656
1 52284 63432 6
2 1014 47018
2 3654 85008
2 16021 76392
2 57847 61984
1 9443 76305 -3
1 19094 80645 0
1 15224 30594 1
2 76063 79361
2 9056 92060
2 10640 76958
2 7529 30658
2 51205 75268
1 14723 62519 1
2 57265 81377
2 29358 78316
2 40309 52173
1 33568 89587 1
1 74672 74913 9
1 69358 81028 7
2 60320 76654
2 37106 88507
1 21671 80760 5
2 22477 99951
1 1618 73414 0
1 23406 60998 0
2 75987 82663
1 6438 18779 5
2 32235 58481
2 21390 96342
2 31492 60018
2 12264 39027
2 70328 96566
1 42344 43973 9
1 28082 66053 -4
2 11033 88325
1 1047 28146 -6
2 7067 41327
1 56010 61481 4
1 89092 93405 -5
2 58715 81003
1 24356 43387 -9
1 7577 82243 -5
1 86018 90109 -1
1 49686 58465 -8
1 28854 74917 5
2 80802 94539
2 82995 97777
2 5977 79620
1 3064 9544 -4
2 64145 68183
1 975 76979 9
2 13108 29787
1 32056 55122 2
1 1366 70583 -7
2 54949 87630
1 53437 69749 -4
1 12687 65374 -7
2 36562 96045
1 16259 31358 -1
2 14044 44562
1 68786 69053 -3
1 10373 17979 -4
2 40288 80324
1 43227 67394 -8
1 20294 47843 9
2 29365 44716
2 19112 78788
1 76400 77984 8
1 14318 51774 4
2 35661 99364
2 45006 79083
2 3328 51855
1 19359 81883 8
2 31786 68159
2 11661 12589
2 13291 14724
2 15686 37801
2 49991 81459
2 697 60031
1 81000 83887 -4
2 2571 43546
2 47273 48565
1 9620 17141 2
1 66469 92519 2
1 52401 69235 1
2 10746 13826
2 28307 88188
2 6922 78652
1 25582 28436 8
1 64602 98820 -3
2 10804 22947
2 91373 98603
1 28319 67472 -7
1 11732 82262 0
2 10684 97579
1 51281 98513 9
2 27183 38542
2 13053 85352
1 55423 58915 0
1 12475 79939 3
1 39406 97023 5
2 14315 86059
2 25674 80918
1 70409 82607 -4
1 46855 49935 0
2 26663 52940
2 84238 92453
2 6799 52324
2 63940 78893
1 76375 95581 4
2 77 46326
2 55820 79802
2 5056 51029
1 23819 64943 -2
2 66338 84024
1 11031 50075 1
2 12012 20898
1 69674 75948 8
1 30781 82930 -7
2 34134 43065
1 43263 64297 8
1 79734 90927 -2
1 30211 66023 6
2 25622 53366
1 57596 95207 0
2 57177 75106
2 32676 90192
1 6430 44757 6
1 40716 51474 0
2 22282 51541
1 84379 85897 -2
2 40763 58500
1 74764 91443 0
1 2963 70673 4
1 35381 36909 4
2 53258 59144
1 41068 66399 -2
1 20878 79052 -7
1 53456 86863 7
1 62751 97172 4
1 2376 27365 -8
1 1301 44172 -3
1 14469 93855 0
2 18492 20156
1 37672 77652 -3
2 18074 90874
1 43163 51280 9
2 33306 53783
1 5057 40509 -7
1 381 6157 -6
2 38036 63526
2 17895 66241
1 7523 21265 4
1 24539 27019 9
2 54774 93954
2 66723 91807
1 46204 88939 -8
1 16900 47553 6
1 9269 74637 -1
2 19565 71457
1 38355 77810 2
2 51961 57514
2 35099 38175
2 58245 74255
1 92067 93985 1
1 9584 64314 -8
2 6085 16010
2 56938 71313
2 15224 80807
1 57954 81983 0
1 95915 96757 -5
1 6348 30599 -6
1 15077 85072 9
2 9371 64980
2 76324 77076
2 49044 65442
1 40888 47965 -2
1 33598 98907 -3
1 34166 98269 -4
1 56257 83239 -1
2 49742 70810
1 27802 84541 1
2 50272 73879
1 26646 48376 8
2 14778 18194
2 28050 60103
2 22391 55408
2 66952 85355
2 24703 82955
2 82567 89756
1 34322 49169 -5
1 66415 97615 -6
2 24871 26332
2 62694 82326
2 36742 40636
1 19250 23085 4
2 85498 93965
2 32856 52106
2 5902 8162
2 10639 63678
1 37578 99559 8
1 68570 71135 4
1 43096 53315 5
2 28390 51047
1 3589 38995 2
2 33907 94214
2 94458 98266
1 3221 58739 5
1 27437 40241 -7
1 85809 94980 -1
2 10331 18520
1 29959 54397 -5
1 52217 84024 2
2 30935 65773
1 48537 87557 0
2 16275 83034
1 16648 77048 -3
2 59345 70580
1 55248 82217 7
2 12917 18671
1 38728 39415 -4
1 73023 87940 -9
2 4603 56542
1 10697 74329 -1
1 13560 80958 -6
1 73189 91311 2
1 3273 47101 -8
2 52545 88514
2 52185 69713
1 23288 27871 1
2 71210 96276
1 9209 62654 8
1 30345 50985 0
1 67733 95334 0
2 75595 90755
1 83738 96700 -7
1 53349 69870 0
2 5493 39292
1 10662 43181 9
1 71451 83264 -7
2 87822 97211
1 44689 94109 6
1 47014 72144 -3
1 35966 54568 -6
2 30408 74457
2 4282 46870
2 52594 79967
2 6474 43339
1 908 45837 1
1 42166 65447 -6
2 6639 57138
2 61807 61940
1 58372 62287 1
1 13594 80014 -2
1 15888 27162 -3
1 45323 77761 9
2 485 6934
1 33722 99545 -3
2 18889 38048
1 6317 93917 -5
2 33904 34192
1 31600 71708 5
2 48601 68850
1 12181 28470 -6
1 1224 54448 0
1 24262 88083 0
1 26706 47054 1
2 55122 69904
2 5699 77284
1 65663 73851 -9
2 7645 47957
2 59835 89189
2 57324 73350
2 45081 70201
2 32794 68931
1 15657 94304 1
1 17571 79639 6
2 4108 66791
2 10801 26903
2 25570 89228
1 20676 84905 8
1 10830 94491 -2
2 49181 68092
1 36221 63384 5
1 42058 80375 6
1 3414 33587 -5
2 4306 31712
2 54460 70989
2 2661 78523
2 3223 33456
2 5963 6587
2 60222 78120
1 16311 81288 -5
2 36625 91528
1 49811 53748 -5
2 36540 92188
2 38386 52352
1 41887 82644 2
1 1860 7573 4
2 73790 90060
1 20342 79349 7
1 23605 95934 8
1 26367 67038 -5
1 4816 22696 2
2 1445 53741
2 6907 42709
2 25686 77373
