375204
375204
375204
375991
381903
383126
383126
383126
383879
385807
385807
385807
385807
393376
393376
393376
393376
395802
395802
395802
395802
395802
395802
395802
395802
395802
395802
395802
396966
396966
397920
397920
397920
398136
398136
398136
398228
398228
400265
400265
400265
400265
400461
400461
400461
400461
400461
400461
400461
400461
400461
400461
400461
400461
400461
400461
400461
400461
401533
401695
402049
402049
402677
402754
402754
402754
402817
403113
403113
403113
403113
403113
403113
404797
405142
405142
405142
405142
405142
405142
405142
405142
405142
405225
405225
405225
405225
405225
405225
406684
407738
407738
407738
407738
407738
407912
407912
407912
407946
407946
407946
408302
408302
408302
408302
408568
408568
409411
409411
409411
409411
409937
410080
411537
411537
411537
411612
411612
411612
411612
411612
414269
414269
414709
415221
415298
415298
415298
415298
415298
415298
415298
415298
415666
415728
415728
415728
415973
415973
415973
415973
415973
415973
415973
416882
416882
416882
416882
416882
416882
416882
416882
418305
418305
418305
418305
418752
418752
418752
418752
418752
418752
418752
418983
419140
419209
419890
419890
419890
419890
419890
419890
419890
419890
419890
419969
419969
419969
420906
420906
420906
420906
420906
420918
420918
420927
420927
420927
420927
420927
420927
420927
420927
421012
421012
421012
421012
421264
421264
421264
421264
421264
421264
421264
421264
421264
421771
421771
421771
421771
421771
421771
421771
421771
421771
421771
421771
421771
421771
422136
422937
422937
423118
423118
423118
423118
423640
423640
423640
423640
423640
423657
423657
423657
424080
424080
424080
424129
424129
424492
424492
424492
424492
424492
424492
424492
424492
424492
424492
424492
424492
424492
424492
424492
424492
424492
424944
424944
424944
424944
424944
424944
424944
424944
424944
425646
425646
425646
425646
425646
425646
425646
425646
425646
426136
426559
426559
427215
427215
427215
427215
427215
427357
427357
427357
427357
427357
427357
427357
427357
427357
427668
427668
427668
427668
427668
427668
428005
428005
428464
428464
428464
428464
428464
428464
428464
428464
428464
428464
428464
428524
428524
428524
428524
428524
428663
429123
429123
429123
429123
429123
429739
429739
429739
429739
429739
429739
429739
429739
430031
430356
430356
430356
430356
430356
430356
430356
430356
430356
430451
430451
430451
430451
430451
430451
430451
430629
430629
430737
430737
430737
430737
430737
430805
431433
431433
431433
431433
431433
431433
431433
431433
431453
431453
431453
431453
431505
431505
431505
431505
431505
431505
431505
431766
431766
431766
432150
432150
432150
432150
432773
433216
433216
433344
433344
433344
433344
433344
433344
433344
433344
433565
433565
433565
433666
433666
433666
433666
433666
433666
433666
433666
433666
434264
434455
434455
434455
434775
434775
434775
434775
434775
434775
434972
435107
435107
435107
435107
435107
435107
435107
435107
435107
435107
435107
435107
435107
435107
435107
435107
435107
435939
435939
435939
435939
435939
435939
435939
435939
435939
435939
435939
435939
435939
435939
436001
436001
436001
436447
436653
436653
436653
436687
437747
437747
437747
437747
437747
437996
437996
437996
437996
437996
437996
437996
437996
437996
437996
437996
437996
437996
437996
438092
438092
438092
438092
438092
438092
438524
438524
438524
438524
438524
438524
438591
438591
438591
439104
439104
439104
439104
439104
439104
439104
439104
439104
439104
439104
439104
439104
439104
439104
439104
439104
439104
439260
439260
439260
439402
439402
439402
439558
439558
439558
439558
439558
439558
439558
439558
439558
439588
439588
439588
440366
440366
440366
440366
440366
440366
440366
440366
440432
440432
440432
440432
440535
440535
440535
440535
441017
441017
441017
441017
441422
441422
441422
441422
441422
441422
441422
441822
441822
441884
442343
442343
442343
442343
442537
442537
442537
442537
442537
442537
443008
443008
443008
443008
443008
443008
443008
443063
443063
443063
443063
443063
443106
443106
443106
443106
443106
443140
443140
443140
443140
443140
443140
443140
443140
443580
443904
444054
444054
444054
444054
444054
444054
444184
444184
444184
444184
444184
444184
444184
444280
444280
444280
444280
444280
444442
444442
444442
444442
444442
444442
444442
444442
444442
444442
444442
444510
444510
444510
444833
444833
444877
444877
444877
444877
444877
444877
444877
444877
444976
444976
446611
446611
446652
446652
447017
447017
447017
447088
447088
447111
447111
447111
447111
447294
447294
447294
447294
447819
447819
447819
447904
447904
447904
447904
447904
447904
447904
447904
447904
447904
448437
448437
448437
448946
448946
449405
449405
449405
449405
449405
449405
449458
449458
449458
449677
449677
449677
449677
449677
449677
449677
449677
449677
449677
449677
449677
449677
449677
449677
449677
449677
449677
449677
449677
449699
449699
449908
449908
449908
449908
449908
449908
449908
449908
449908
449908
449908
449908
449908
449908
449908
450451
450805
450805
450805
450805
450805
450805
450805
450805
450805
450805
450977
450977
450977
450977
450977
450977
450977
450977
451159
451159
451225
451225
451225
451225
451256
451256
451256
451256
451256
451783
451783
451783
451783
451783
451783
451783
451965
451965
451965
451965
451965
451965
451965
451965
451965
451965
452205
452205
452205
452205
452205
452205
452205
452455
452494
452494
452494
452494
452682
452682
452682
452682
452682
452718
452718
452718
452805
453872
453872
453903
454175
454175
454175
454175
454175
454445
454445
454534
454534
454534
454534
454732
454732
454732
454824
454824
454824
455001
455001
455141
455141
455141
455141
455141
455141
455141
455141
455141
455141
455223
455223
455223
455223
455223
455223
455223
455223
455223
455223
455223
455223
455223
455223
455260
455260
455260
455260
455260
455260
455260
455260
455260
455260
455638
455638
455638
455820
455820
455820
455820
455820
456381
456489
456489
456489
456489
456838
456883
456883
456883
456883
457029
457029
457029
457029
457262
457262
457292
457292
457298
457298
457298
457298
457298
457520
457520
457590
457590
457590
457590
457590
457606
457606
457606
457606
457606
457606
457606
457606
458302
458302
458302
458302
458302
458302
458904
458904
458904
458904
458985
458985
458985
459178
459178
459178
459178
459178
459178
459178
459178
459250
459250
459250
459250
459250
459250
459250
459250
459250
459250
459250
459250
459250
459250
459250
459250
459250
459369
459876
459876
459876
459876
459876
459876
459876
459876
459876
459876
459876
459876
459876
459876
459876
459876
459876
460237
460390
460390
460390
460390
460390
460390
460551
460963
460963
460963
460963
460963
460963
460963
460963
460989
460989
461020
461020
461020
461020
461020
461020
461020
461345
461345
461345
461494
461494
461494
461583
461583
461583
462239
462239
462458
462458
462458
462458
462524
462524
462529
462529
462529
462529
462529
463444
463444
463444
463457
463457
463485
463485
463485
463634
463634
463804
463804
463804
463804
463804
463804
463882
463882
463882
464420
464420
464420
464420
464420
464420
464420
464420
464420
464548
464637
464637
464637
464840
464840
464993
464993
464993
464993
464993
464993
464993
464993
464995
464995
465093
465093
465093
465093
465093
465093
465108
465129
465129
465472
465472
465472
465472
465472
465472
465472
465472
465472
465472
465472
465472
465601
465601
465601
465601
465601
465601
465601
465601
465601
465752
465752
465752
465752
465752
465752
465752
465752
465752
465752
465752
465752
465905
465905
465905
465905
465905
465905
465905
465905
465905
465905
465905
465905
466341
466341
466341
466341
466576
466576
466576
466576
466576
466576
466581
466581
466581
466581
466581
466581
466581
466581
466581
466845
466845
466848
466848
466848
466848
466848
466848
466848
466848
466848
466848
466848
467200
467253
467253
467253
467253
467253
467253
467274
467274
467274
467274
467550
467550
467550
467550
467550
467605
467605
467605
467605
467605
468013
468013
468013
468013
468013
468013
468013
468013
468013
468013
468013
468013
468013
468013
468013
468013
468013
468013
468013
468013
468013
468013
468356
468356
468356
468356
468356
468356
468356
468356
468742
469158
469158
469247
469247
469247
469247
469247
469247
469247
469416
469416
469416
469416
469416
469455
469455
469455
469455
469455
469455
469455
469455
469744
469744
469744
469744
469744
469744
469941
470059
470137
470137
470137
470137
470137
470212
470212
470212
470219
470219
470219
470219
470219
470434
470740
470740
470804
470804
470804
470804
470869
470869
470869
470869
471011
471011
471011
471011
471011
471011
471011
471011
471011
471011
471011
471011
471011
471013
471013
471013
471013
471013
471013
471198
471198
471198
471198
471198
471198
471198
471198
471198
471198
471198
471198
471198
471198
471198
471198
471198
471198
471198
471685
471685
471685
471685
471685
471685
471685
471722
471756
471756
471756
471756
471756
471797
471797
471873
471873
471873
471873
471873
471873
471873
471873
471873
471873
471873
472003
472239
472239
472239
472239
472239
472536
472536
472536
472536
472536
472536
472536
472558
472558
472602
472615
472615
472615
472615
472615
472615
472615
472713
472713
472713
472713
472713
472713
472713
472713
472877
472877
472877
472877
472877
472877
472877
472877
472877
472877
472877
472877
472877
472877
472877
472877
472877
472877
472877
472912
472912
472912
472915
472915
472915
472915
473087
473087
473087
473120
473120
473120
473120
473120
473120
473120
473134
473480
473480
473480
473480
473480
473480
473480
473480
473480
473480
473480
473480
473480
473480
473796
473796
473796
473796
473796
473796
473796
474002
474002
474002
474002
474002
474027
474101
474101
474417
474417
474417
474417
474417
474417
474417
474417
474417
474492
474492
474492
474492
474492
474492
474492
474492
474492
474492
474492
474492
474492
474492
474492
474492
474492
474492
474492
474492
474492
474492
474492
474572
474572
474572
474572
474572
474579
474579
474579
474661
474661
474661
474661
474661
474661
474661
474661
474661
474661
474661
474662
474662
474662
474662
474662
474662
474662
474662
474662
474662
474706
474706
474706
474706
474706
474706
474786
474786
474786
474786
474786
474786
474786
474786
474786
474786
474944
475092
475092
475092
475092
475092
475092
475092
475732
475732
475732
475732
475852
475852
475852
475852
475852
475852
475852
475852
475852
475852
476043
476043
476043
476043
476043
476043
476043
476043
476043
476043
476043
476043
476043
476371
476371
476371
476371
476371
476371
476371
476494
476494
476494
476494
476494
476494
476494
476494
476494
476494
476494
476507
476507
476507
476507
476507
476507
476629
476629
476699
476715
476715
476715
476715
476715
476715
476839
476839
476839
476839
476882
476882
476882
476882
476882
476882
476882
476882
476882
476882
477141
477141
477141
477141
477141
477141
477141
477141
477211
477211
477211
477211
477211
477211
477236
477236
477236
477236
477236
477236
477236
477236
477853
477853
478091
478091
478091
478091
478091
478091
478091
478091
478091
478091
478091
478091
478091
478091
478091
478091
478091
478091
478091
478091
478091
478091
478091
478091
478091
478091
478091
478091
478095
478095
478348
478348
478348
478348
478348
478348
478348
478467
478467
478467
478467
478720
478720
478720
478720
479148
479148
479148
479148
479148
479148
479148
479148
479148
479148
479148
479298
479298
479298
479298
479298
479298
479298
479298
479298
479586
479586
479586
479586
479586
479586
479586
479586
479586
479586
479586
479586
479586
479588
479588
479656
479656
479656
479656
479656
479756
479756
479756
479756
479756
479756
479756
479897
479897
479897
479897
479897
479908
479908
479908
479908
479908
479908
479908
479908
479908
479908
479908
479961
479961
479961
479961
479961
479961
479961
480007
480007
480007
480007
480007
480007
480007
480007
480007
480007
480877
480877
480877
480877
480877
480877
480877
480877
481178
481178
481178
481178
481178
481178
481178
481178
481178
481178
481178
481178
481178
481178
481191
481191
481191
481191
481191
481191
481191
481191
481191
481191
481191
481191
481191
481191
481191
481191
481191
481191
481191
481191
481191
481222
481222
481222
481222
481222
481222
481222
481222
481366
481366
481366
481366
481366
481392
481392
481392
481392
481392
481513
481513
481513
481513
481513
481513
481640
481640
481662
481662
481662
481662
481662
481662
481685
481685
481685
481685
481685
481685
481685
481685
481685
481685
481796
481796
481796
481796
481820
481820
481820
481820
481820
481820
481820
481820
481820
481820
481820
481820
481820
481892
481892
481892
481892
481892
481892
481892
481921
481955
481955
481955
481955
481955
481955
481955
481955
481955
481955
481955
482005
482005
482005
482005
482005
482005
482005
482005
482005
482005
482005
482005
482005
482005
482005
482005
482005
482005
482005
482005
482005
482005
482005
482005
482005
482509
482509
482509
482509
482588
482588
482588
482588
482588
482588
482588
483071
483071
483071
483071
483118
483118
483118
483118
483118
483118
483118
483118
483118
483453
483453
483453
483453
483453
483453
483453
483453
483453
483453
483453
483453
483453
483580
483677
483677
483677
483677
483677
483677
483677
483900
483900
483969
483969
483969
483969
483969
483969
483969
483969
483969
483969
483969
483993
483993
483993
484062
484062
484062
484062
484062
484062
484343
484343
484343
484343
484343
484343
484343
484343
484387
484387
484387
484387
484387
484387
484387
484387
484387
484387
484387
484387
484387
484387
484387
484387
484387
484387
484387
484461
484461
484461
484461
484723
484723
484723
484766
484766
484766
484766
484766
484766
484842
484842
484842
484842
484842
484842
484842
484842
484842
484842
484842
484842
484842
484842
484842
484842
484842
484842
484873
484873
484873
484873
484873
484873
484873
484873
484873
484873
484873
484873
484873
484892
484892
484892
484892
484892
484892
484892
484892
484892
484892
484892
484892
485054
485054
485054
485054
485054
485054
485514
485514
485514
485514
485514
485514
485549
485549
485549
485549
485549
485549
485549
485549
485549
485549
485549
485549
485560
485560
485828
485828
485828
485828
485869
485869
485869
485869
485869
485869
485869
485869
485869
485869
486248
486248
486248
486248
486248
486248
486248
486248
486248
486248
486248
486248
486248
486248
486327
486327
486327
486327
486327
486327
486327
486327
486327
486327
486327
486412
486412
486412
486412
486412
486412
486412
486412
486412
486412
486412
486412
486412
486412
486412
486412
486412
486412
486412
486458
486458
486458
486458
486458
486458
486458
486458
486458
486458
486458
486458
486476
486476
486476
486476
486476
486476
486476
486476
486476
486476
486476
486542
486542
486542
486542
486542
486542
486542
486542
486542
486542
486542
486542
486542
486542
486542
486574
486574
486574
486574
486574
486574
486574
486574
486847
486847
486847
486847
486847
486847
486847
486847
486847
486847
486847
486847
486847
486847
486847
486847
486847
486847
486847
486847
486847
486847
486914
486914
487065
487065
487065
487065
487065
487065
487065
487065
487065
487065
487065
487065
487065
487089
487089
487089
487089
487089
487089
487089
487089
487089
487089
487089
487135
487135
487135
487135
487135
487279
487434
487434
487434
487434
487434
487434
487434
487434
487434
487434
487434
487434
487434
487434
487434
487434
487434
487434
487434
487482
487482
487482
487482
487482
487482
487482
487482
487482
487482
487482
487522
487522
487522
487522
487522
487565
487565
487821
487821
487821
487821
487821
487821
487821
487821
487821
487821
487821
487821
487821
487821
487821
487821
487821
487821
487913
487913
487913
487913
487913
487913
487913
487913
487913
487953
487953
487953
487953
487953
487953
487953
487953
487953
487983
487983
487983
487983
487983
487983
488165
488165
488165
488165
488165
488165
488165
488165
488165
488165
488165
488311
488446
488446
488446
488446
488446
488446
488446
488446
488446
488446
488446
488446
488446
488622
488622
488622
488622
488622
488622
488622
488622
488622
488622
488622
488622
488622
488622
488721
488721
488721
488721
488721
488721
488721
488721
488721
488884
488884
488884
488884
488884
489005
489005
489005
489005
489005
489005
489157
489157
489157
489157
489157
489157
489157
489367
489367
489590
489590
489590
489590
489590
489590
489590
489590
489590
489590
489590
489590
489717
489717
489717
489717
489717
489717
489717
489717
489717
489717
489717
489717
489751
489751
489751
489751
489751
489751
489751
489751
489786
489926
489926
489943
490215
490215
490215
490215
490215
490251
490251
490251
490251
490251
490251
490251
490251
490251
490251
490251
490251
490251
490346
490346
490346
490346
490346
490346
490442
490442
490442
490442
490442
490442
490442
490442
490442
490442
490442
490442
490442
490442
490442
490442
490442
490442
490442
490442
490442
490442
490442
490442
490442
490442
490442
490443
490443
490443
490443
490443
490443
490443
490443
490443
490443
490443
490443
490443
490555
490555
490555
490555
490555
490555
490555
490555
490555
490555
490567
490661
490661
490942
490942
490942
491048
491048
491048
491048
491048
491048
491048
491048
491048
491048
491048
491048
491048
491048
491048
491092
491092
491092
491092
491096
491096
491096
491096
491096
491096
491096
491096
491165
491313
491313
491313
491313
491313
491368
491377
491377
491377
491377
491377
491377
491377
491377
491377
491377
491377
491469
491469
491469
491469
491469
491469
491469
491469
491469
491469
491469
491469
491469
491469
491469
491469
491698
491698
491698
491698
491698
491698
491698
491698
491698
491698
491698
491698
491698
491698
491698
491698
491698
491698
491698
491698
491698
491698
492184
492184
492184
492184
492184
492487
492548
492548
492548
492548
492548
492548
492548
492548
492548
492548
492548
492548
492548
492548
492548
492548
492548
492548
492548
492548
492548
492548
492548
492548
492548
492548
492548
492548
492548
492626
492626
492626
492626
492626
492626
492626
492626
492626
492626
492626
492626
492626
492626
492626
492639
492639
492639
492639
492639
492639
492762
492762
492762
492762
492762
492895
492895
493040
493040
493040
493040
493040
493040
493045
493045
493045
493045
493082
493082
493082
493082
493082
493082
493082
493082
493082
493082
493082
493082
493082
493082
493082
493082
493082
493082
493082
493149
493149
493149
493149
493149
493149
493149
493149
493149
493149
493149
493149
493149
493149
493149
493194
493194
493194
493194
493194
493194
493194
493194
493194
493194
493194
493194
493194
493194
493194
493194
493194
493194
493194
493194
493194
493194
493194
493194
493207
493207
493207
493207
493376
493376
493376
493376
493376
493376
493376
493376
493376
493836
493836
493836
493836
493836
493836
493836
493836
493836
493836
493836
493836
493836
493836
493836
493836
493861
493861
493861
493861
493861
493861
493861
493861
493861
493861
493861
493861
493861
493861
493861
493861
493861
493861
494160
494160
494160
494160
494160
494199
494199
494199
494199
494354
494354
494354
494354
494354
494354
494354
494354
494354
494354
494354
494354
494475
494475
494475
494475
494475
494475
494475
494475
494475
494475
494475
494475
494475
494475
494475
494475
494475
494622
494622
494622
494622
494743
494743
494743
494743
494743
494743
494743
494743
494743
494743
494743
494743
494743
494743
494743
494743
494743
494743
494770
494770
494770
494770
494770
494770
494770
494770
494770
494770
494924
494924
494924
494924
494928
495002
495002
495002
495002
495002
495002
495002
495002
495002
495002
495002
495002
495248
495248
495248
495248
495248
495248
495248
495248
495248
495248
495248
495248
495248
495248
495318
495318
495318
495318
495318
495318
495407
495407
495407
495407
495407
495407
495407
495407
495407
495407
495407
495407
495444
495444
495444
495444
495444
495444
495444
495444
495444
495444
495444
495444
495444
495444
495444
495444
495444
495444
495444
495444
495444
495444
495444
495444
495460
495460
495460
495460
495460
495905
496058
496058
496058
496058
496058
496058
496058
496125
496125
496125
496125
496125
496125
496125
496125
496125
496125
496232
496232
496232
496330
496330
496330
496330
496330
496330
496339
496339
496339
496339
496465
496465
496465
496465
496465
496465
496465
496465
496569
496569
496569
496569
497010
497010
497010
497010
497010
497010
497010
497010
497300
497345
497345
497345
497345
497345
497345
497345
497345
497345
497345
497345
497345
497345
497345
497345
497345
497345
497345
497345
497345
497401
497401
497401
497401
497401
497401
497401
497401
497401
497441
497441
497441
497654
497654
497654
497654
497654
497654
497654
497654
497654
497654
497654
497654
497654
497654
497654
497909
497909
497909
497909
497909
497909
497909
497909
497909
498111
498111
498111
498111
498111
498111
498111
498111
498111
498187
498187
498187
498187
498187
498187
498187
498317
498317
498317
498317
498317
498317
498317
498317
498317
498317
498366
498366
498366
498366
498366
498366
498366
498366
498366
498366
498436
498436
498436
498461
498461
498461
498461
498743
498743
498743
498743
498743
498792
498792
498792
498792
498792
498792
498792
498792
499079
499079
499079
499079
499079
499079
499079
499079
499079
499575
499575
499575
499575
499575
499575
499575
499575
499575
499575
499583
499583
499583
499583
499583
499583
499583
499583
499583
499583
499583
499583
499583
499583
499583
499583
499583
499583
499583
499583
499583
499583
499583
499583
499583
499708
499708
499708
499708
499708
499708
499708
499708
499708
499708
499708
499784
499784
499854
499854
499856
499856
499856
499856
499856
499856
499856
499856
499856
499856
499856
499856
499856
499856
499932
499932
500127
500127
500127
500127
500127
500127
500127
500127
500127
500127
500127
500127
500127
500127
500127
500127
500127
500127
500127
500127
500127
500127
500127
500127
500127
500127
500127
500127
500345
500345
500345
500345
500345
500345
500345
500345
500345
500345
500345
500345
500345
500345
500345
500345
500345
500345
500377
500377
500377
500377
500377
500377
500377
500377
500377
500377
500437
500437
500437
500437
500437
500437
500437
500437
500437
500437
500437
500437
500437
500437
500437
500437
500437
500437
500437
500437
500437
500474
500474
500474
500474
500474
500474
500474
500474
500474
500474
500474
500474
500474
500474
500474
500474
500589
500589
500589
500589
500589
500589
500589
500589
500589
500774
500774
500774
500774
500836
500836
500836
500836
500836
500836
500836
500836
500836
500836
500836
500836
500836
500836
500836
500836
500836
500836
500893
500893
500893
500893
500893
500893
500893
500893
501003
501003
501003
501003
501003
501003
501003
501003
501003
501003
501003
501113
501113
501113
501113
501113
501113
501113
501113
501113
501113
501113
501113
501113
501142
501179
501179
501179
501179
501179
501179
501179
501179
501179
501179
501179
501179
501259
501259
501259
501259
501259
501259
501259
501259
501296
501296
501296
501441
501441
501441
501441
501517
502019
502019
502019
502019
502019
502019
502019
502116
502116
502171
502171
502171
502171
502171
502171
502171
502171
502171
502171
502171
502171
502171
502171
502171
502171
502256
502256
502256
502256
502256
502256
502256
502256
502256
502256
502256
502256
502301
502301
502301
502301
502301
502301
502301
502301
502301
502341
502341
502341
502341
502341
502341
502341
502341
502341
502492
502492
502492
502492
502492
502492
502492
502492
502492
502492
502492
502492
502492
502492
502492
502635
502635
502635
502635
502635
502635
502635
502753
502753
502753
502753
502753
502757
502757
502757
502757
502757
502757
502757
502757
502757
502757
503064
503064
503064
503064
503064
503064
503064
503064
503266
503266
503266
503266
503266
503276
503276
503276
503276
503276
503276
503276
503276
503415
503415
503415
503415
503415
503415
503415
503415
503415
503415
503415
503415
503457
503457
503457
503457
503457
503457
503457
503457
503457
503457
503457
503457
503457
503457
503457
503457
503457
503468
503468
503468
503468
503468
503468
503468
503468
503468
503468
503468
503468
503468
503468
503468
503468
503468
503468
503468
503468
503468
503468
503468
503468
503468
503468
503468
503468
503468
503468
503521
503521
503521
504038
504038
504038
504038
504038
504038
504038
504038
504038
504038
504038
504092
504092
504413
504583
504583
504583
504583
504583
504583
504583
504583
504583
504783
504783
504783
504783
504783
504783
504783
504783
504783
504783
504783
504783
504783
504858
504858
504858
504858
504858
504858
504858
504858
504858
504858
504858
504858
504858
504858
504858
504858
504858
504858
504858
504858
504858
504858
504858
504899
504980
504980
504980
504980
504980
504980
504980
504980
504980
504980
504980
504980
504980
504980
504980
505040
505040
505040
505040
505040
505040
505040
505040
505040
505040
505040
505040
505257
505257
505257
505257
505257
505263
505263
505263
505263
505294
505294
505294
505294
505294
505294
505294
505294
505294
505294
505294
505294
505294
505294
505294
505294
505294
505294
505294
505294
505372
505372
505372
505372
505372
505372
505372
505372
505372
505372
505372
505372
505464
505477
505477
505477
505477
505477
505492
505492
505492
505492
505492
505492
505492
505492
505492
505492
505492
505492
505492
505925
505925
505925
505925
505925
505925
505925
505925
505925
505994
505994
505994
505994
505994
505994
505994
505994
505994
505994
505994
505994
505994
505994
506050
506050
506050
506050
506050
506050
506050
506050
506050
506050
506050
506050
506050
506185
506185
506185
506185
506185
506185
506185
506185
506185
506203
506203
506203
506203
506203
506203
506203
506203
506203
506203
506203
506203
506203
506203
506203
506203
506203
506203
506203
506203
506203
506203
506203
506249
506249
506249
506249
506249
506249
506322
506322
506322
506322
506322
506322
506322
506322
506322
506322
506322
506322
506322
506322
506322
506322
506369
506369
506369
506369
506369
506369
506369
506369
506369
506369
506369
506369
506547
506547
506547
506547
506547
506547
506547
506547
506547
506666
506666
506666
506820
506820
506969
506969
506969
506969
506969
506969
506969
507000
507000
507000
507000
507000
507000
507000
507000
507000
507000
507000
507000
507000
507000
507000
507000
507000
507000
507000
507000
507000
507001
507001
507001
507001
507001
507001
507001
507050
507050
507050
507050
507050
507050
507050
507050
507050
507088
507088
507088
507088
507136
507156
507241
507241
507241
507241
507241
507241
507241
507241
507241
507241
507241
507241
507241
507241
507365
507365
507419
507419
507419
507419
507419
507419
507461
507461
507461
507461
507461
507461
507461
507461
507461
507461
507461
507461
507461
507461
507461
507461
507461
507461
507461
507492
507492
507492
507495
507495
507495
507495
507629
507629
507629
507629
507629
507629
507629
507629
507802
507802
507802
507802
507802
507802
507802
507802
507802
507802
507802
507802
507802
507802
507802
507802
507802
507802
507802
507802
507802
507916
507959
507959
507959
507959
508212
508212
508212
508271
508271
508271
508271
508271
508271
508271
508271
508271
508271
508271
508271
508271
508271
508331
508331
508331
508331
508331
508331
508331
508331
508331
508331
508643
508643
508766
508766
508766
508766
508766
508766
508766
508766
508766
508766
508766
508766
508766
508766
508766
508766
508766
508766
508766
508766
508766
508766
508766
508766
508766
508766
508766
508834
508834
508834
508834
508834
508834
508834
508834
508834
508834
508834
508853
508853
508853
508853
508853
508853
508853
508853
508853
508853
508853
508853
508892
508892
508892
508892
508892
508892
508892
508892
508892
508892
508892
508892
508892
508892
508892
508892
508892
508892
508892
508984
508984
508984
508984
509093
509093
509093
509093
509093
509093
509093
509093
509093
509093
509093
509093
509093
509093
509093
509093
509093
509093
509093
509093
509093
509169
509418
509442
509442
509442
509442
509442
509442
509442
509442
509442
509442
509442
509442
509442
509442
509442
509442
509442
509442
509468
509468
509468
509468
509468
509468
509526
509603
509603
509603
509603
509603
509719
509719
509719
509719
509719
509719
509719
509719
509719
509719
509719
509719
509719
509719
509719
509805
509805
509805
509805
509805
509805
509805
509805
509805
509927
509927
509927
509927
509927
509955
509955
509955
509955
509955
509955
509955
509955
509955
509955
509955
509955
509955
509955
509955
509955
509955
509955
509955
509963
509963
509963
509963
509963
509963
509963
509963
509963
509963
509963
509963
509963
509963
509963
509963
509963
509963
509963
510108
510108
510108
510108
510108
510108
510108
510108
510248
510248
510248
510248
510248
510709
511002
511002
511002
511002
511002
511002
511002
511002
511002
511002
511002
511002
511038
511184
511184
511184
511184
511244
511244
511244
511244
511244
511244
511244
511381
511381
511381
511381
511381
511381
511381
511381
511381
511381
511381
511381
511381
511381
511381
511381
511381
511381
511381
511577
511577
511577
511577
511577
511577
511577
511577
511577
511743
511743
511743
511743
511759
511759
511759
511759
511759
512072
512072
512072
512072
512072
512072
512072
512074
512074
512074
512074
512074
512074
512074
512074
512074
512074
512112
512123
512123
512123
512123
512123
512123
512123
512123
512123
512208
512208
512208
512208
512208
512306
512306
512306
512306
512406
512406
512539
512539
512539
512539
512539
512539
512539
512539
512539
512539
512540
512556
512556
512556
512807
512807
512807
512807
512807
512807
512807
512807
512807
512807
512807
512807
512807
512807
512920
512920
512920
512920
512920
513133
513133
513245
513245
513245
513396
513396
513396
513396
513396
513396
513396
513396
513396
513396
513396
513396
513396
513396
513396
513497
513497
513497
513497
513497
513497
513497
513497
513497
513497
513497
513497
513497
513635
513635
513635
513635
513635
513735
513735
513735
513735
513735
513735
513735
513735
513735
513735
513735
513735
513735
513735
513735
513735
513735
513735
513735
513735
513836
513836
514088
514088
514315
514315
514315
514315
514315
514315
514370
514370
514370
514370
514370
514370
514370
514370
514370
514370
514370
514370
514370
514370
514370
514470
514470
514470
514470
514470
514470
514470
514470
514470
514470
514470
514470
514470
514470
514470
514470
514544
514723
514723
514723
514723
514723
514723
514723
514723
514723
514723
514723
514723
514723
514723
514723
514809
514809
514809
514846
514846
514846
514846
514846
514846
514846
514846
514846
514846
514846
514846
514846
514846
514846
514896
514896
514971
514971
514971
514971
514971
514971
514971
514975
514975
514975
514975
514975
514975
514975
514975
514975
514975
514975
514975
514975
514975
515048
515048
515048
515048
515048
515048
515048
515315
515315
515315
515315
515315
515315
515315
515315
515315
515315
515315
515315
515315
515315
515315
515315
515315
515414
515414
515414
515414
515414
515414
515414
515443
515443
515713
515713
515713
515713
515713
515713
515713
515713
515978
515978
515978
515978
515978
515978
515978
515978
515978
515978
515978
515978
515978
515978
515978
515978
515978
515978
515978
515998
515998
515998
516004
516004
516004
516004
516004
516004
516004
516123
516146
516146
516146
516214
516214
516214
516214
516214
516214
516214
516214
516214
516214
516214
516265
516265
516265
516265
516265
516265
516265
516265
516265
516265
516282
516282
516282
516282
516282
516282
516721
516721
516721
516721
516721
516721
516721
516721
516721
516721
516721
516721
516721
516721
516721
516721
516721
516721
516721
516721
516763
516809
516809
516809
516809
516809
516809
516809
516809
516809
516981
516981
516981
516981
516981
516981
516981
516981
516981
516981
517278
517278
517278
517278
517278
517352
517352
517352
517352
517352
517352
517352
517352
517352
517352
517352
517352
517480
517480
517480
517480
517480
517480
517480
517480
517480
517480
517480
517480
517480
517480
517480
517480
517480
517610
517610
517610
517610
517610
517610
517610
517610
517610
517610
517610
517610
518040
518040
518040
518040
518040
518040
518040
518040
518040
518040
518040
518193
518193
518193
518193
518193
518193
518193
518193
518193
518193
518193
518468
518468
518761
518761
518761
518761
518761
518761
518761
518784
518784
518784
518784
518784
518784
518784
518784
518823
518823
518823
518823
518823
518823
518823
518823
518823
518823
518823
518891
518891
518891
518891
518891
518891
518891
518891
518891
518912
519022
519022
519022
519022
519655
519655
519655
519677
519677
519677
519677
519677
519677
519677
519677
519684
519684
519684
519684
519684
519684
519684
519684
519684
519684
519684
519684
519684
519721
519721
519721
519721
519721
519721
519721
519721
519721
519849
519925
519925
519925
519925
519925
519925
520189
520189
520189
520189
520189
520189
520189
520189
520189
520189
520638
520638
520638
520760
520845
520845
520845
520845
520845
520845
520845
520845
520845
520845
520845
520845
520845
520845
520845
521101
521101
521101
521101
521101
521108
521108
521108
521108
521108
521108
521108
521108
521108
521108
521108
521376
521376
521376
521376
521376
521376
521515
521515
521515
521515
521515
521515
521515
521515
521515
521515
521716
521716
521716
521716
521716
521757
521757
521757
521827
521827
521827
521827
521827
521827
521921
521921
521921
521921
521921
521921
521921
521921
521921
521921
521989
521989
521989
521989
521989
521989
521989
521989
521989
521989
521989
521989
521989
521989
522095
522095
522095
522095
522095
522095
522095
522095
522980
522980
522980
523272
523272
523272
523272
523272
523923
523923
523923
523923
523923
523923
523923
523923
523928
523928
523928
523928
524102
524210
524210
524210
524210
524210
524210
524210
524210
524226
524226
524226
524226
524226
524226
524226
524226
524226
524226
524226
524226
524510
524510
524510
524510
524510
524510
524510
524510
524552
524743
524743
524743
524743
524743
524743
524743
524743
524743
524743
524743
524743
524743
524743
524793
524793
524793
524793
524793
524793
524793
524793
524793
524793
524793
524793
524923
524923
524923
524923
524923
525001
525001
525001
525001
525001
525001
525001
525001
525001
525001
525001
525001
525001
525001
525001
525001
525097
525097
525097
525097
525097
525097
525102
525102
525102
525102
525102
525102
525102
525102
525102
525256
525256
525256
525256
525256
525256
525256
525256
525256
525256
525261
525261
525261
525261
525261
525261
525261
525261
525261
525261
525261
525261
525261
525261
525331
525331
525379
525379
525379
525379
525379
525379
525379
525379
525379
525379
525420
525420
525420
525420
525420
525420
525420
525420
525421
525421
525421
525421
525421
525421
525421
525421
525421
525421
525421
525421
525421
525421
525425
525425
525425
525425
525425
525425
525425
525505
525505
525505
525505
525505
525505
525505
525505
525650
525650
525650
525687
525687
525687
525687
525687
525687
525687
525687
526150
526150
526150
526150
526150
526150
526178
526178
526178
526205
526205
526205
526205
526205
526205
526205
526205
526205
526205
526205
526205
526205
526335
526335
526335
526335
526335
526335
526335
526373
526373
526373
526373
526373
526373
526469
526469
526756
526883
526883
526883
526883
526883
526883
526883
526883
526883
526883
526883
526883
526883
526883
526883
526883
526883
526883
526883
526883
526883
526883
526888
526888
526888
526888
526888
526888
526888
526888
526888
526954
526954
526954
526954
526954
526954
526954
526954
526954
527120
527120
527120
527120
527120
527257
527257
527257
527257
527257
527257
527257
527257
527257
527257
527257
527257
527257
527257
527257
527429
527429
527429
527429
527429
527573
527573
527573
527573
527573
527573
527573
527683
527683
527683
527683
527683
527683
527683
527683
527683
527683
527828
527828
527828
527828
527828
527828
527828
527828
527828
527828
527828
527828
527828
527828
527889
527889
527889
528017
528017
528017
528017
528017
528017
528017
528017
528017
528150
528150
528150
528150
528150
528228
528228
528228
528385
528385
528385
528385
528385
528385
528385
528385
528385
528385
528385
528385
528385
528385
528385
528745
528745
528745
528745
528745
528745
528745
528745
529128
529128
529128
529128
529128
529128
529128
529128
529348
529348
529348
529348
529348
529348
529348
529348
529348
529348
529348
529348
529365
529365
529365
529365
529365
529365
529365
529365
529365
529365
529365
529576
529576
529576
529576
529576
529576
529576
529576
529576
529576
529576
529576
529576
529696
529696
529720
529720
529720
529720
529720
529720
529720
529720
529720
529720
529781
529781
529781
529781
529781
529781
529781
529781
529781
529830
529830
529830
529830
529830
529830
529830
529830
529830
529830
529830
530106
530106
530106
530106
530106
530106
530106
530228
530228
530228
530228
530228
530228
530228
530228
530228
530277
530277
530277
530277
530277
530277
530277
530277
530277
530277
530457
530457
530457
530457
530457
530457
530457
530693
530693
530693
530693
530693
530693
530693
530693
530693
530693
530693
530693
530693
530693
530693
530693
530693
530716
530716
530716
530716
530716
530724
530724
530765
530765
530765
530765
530765
530765
530765
530765
530765
530765
530765
530765
530958
530958
530958
530958
530958
530958
530958
530958
530958
530988
530988
530988
530988
530988
530988
530988
530988
531573
531601
531601
531601
531601
531601
531601
531601
531601
531601
531601
531628
531628
531628
531628
531628
531628
531628
531628
531628
531628
531628
531628
531628
531628
531640
531648
531648
531648
531648
531648
531648
531648
531648
531648
531648
531648
531648
531648
531648
531648
531648
531648
531648
531648
531799
531799
531799
531799
531799
531799
531799
531799
531799
531799
531799
531799
531799
531799
531799
531799
531812
531812
531812
531812
531812
531812
531812
531812
531828
531828
531847
531847
531847
531847
531847
531847
531847
531847
531847
531847
531847
531847
531847
531847
531847
531847
531847
531847
531854
531854
531854
531854
531854
531854
531854
531854
531854
531854
531854
531854
531854
531854
531854
531854
531854
531854
531854
531854
531879
532082
532082
532082
532082
532082
532082
532082
532082
532082
532090
532090
532090
532090
532090
532090
532090
532090
532090
532090
532090
532090
532090
532090
532090
532241
532241
532241
532300
532300
532300
532300
532300
532300
532300
532311
532311
532311
532311
532491
532491
532491
532491
532755
532755
532755
532810
532810
532810
532810
532810
532810
532810
532810
532836
532836
532836
532836
532836
532836
532836
532836
532836
532836
532836
532836
532836
532836
532836
532836
532836
532836
532836
532836
532836
532836
532836
532836
532836
532836
532836
532902
532902
532902
532902
532902
532971
532971
533162
533162
533162
533162
533162
533170
533170
533170
533170
533170
533170
533170
533170
533216
533307
533307
533307
533307
533307
533307
533307
533307
533307
533307
533307
533307
533307
533307
533340
533340
533340
533340
533398
533398
533398
533398
533444
533444
533444
533444
533444
533444
533444
533444
533444
533444
533444
533458
533458
533458
533458
533458
533458
533458
533458
533458
533458
533458
533458
533458
533458
533458
533458
533458
533458
533458
533458
533458
533458
533458
533458
533458
533458
533458
533500
533500
533500
533500
533500
533500
533500
533500
533500
533500
533500
533500
533500
533500
533500
533500
533500
533625
533625
533625
533625
533625
533625
533625
533625
533625
533625
533625
533625
533625
533625
533625
533633
533633
533633
533633
533911
533911
533911
533911
533911
533911
533911
533911
533911
534087
534087
534087
534087
534087
534144
534144
534144
534144
534144
534144
534144
534144
534144
534227
534227
534227
534227
534227
534227
534380
534380
534380
534380
534380
534380
534380
534380
534380
534380
534380
534380
534380
534380
534380
534543
534543
534543
534543
534543
534543
534600
534600
534600
534600
534600
534600
534600
534600
534600
534600
534600
535431
535431
535431
535795
535795
535825
535825
536005
536005
536005
536579
536579
536579
536579
536579
536579
536579
536579
536579
536579
536579
536635
536635
536635
536635
536635
536635
536635
536635
536635
536806
536806
536806
536806
536806
536806
536886
536886
536886
536886
536886
536886
536886
536886
537370
537370
537370
537435
537435
537435
537435
537435
537435
537435
537435
537604
537604
537604
537604
537604
537604
537604
537604
537604
537886
537886
537886
537886
537886
537886
537886
537886
537886
537886
537886
537886
537886
538097
538097
538097
538138
538138
538138
538138
538138
538138
538225
538616
538616
538616
538685
538685
538685
538685
538685
538685
538685
538685
538685
538685
538685
538685
538685
538697
538697
538697
538697
538697
538697
538697
538697
538697
538697
538704
538704
538704
538704
538704
538704
538704
538704
538704
538704
538775
538775
538775
538775
538775
538775
538775
538775
538775
538775
538775
538775
538802
538802
538802
538802
538802
538818
538818
538860
538983
539101
539101
539177
539177
539177
539177
539177
539177
539177
539177
539177
539177
539177
539177
539177
539177
539177
539275
539275
539275
539275
539275
539275
539275
539275
539275
539275
539275
539275
539275
539275
539275
539275
539275
539275
539275
539275
539300
539300
539300
539300
539300
539300
539486
539486
539486
539486
539486
539486
539570
539584
539921
539921
539921
539921
539921
539921
539921
539921
540146
540146
540146
540146
540146
540146
540146
540146
540155
540155
540155
540155
540155
540155
540155
540155
540155
540155
540288
540288
540288
540288
540288
540288
540288
540288
540288
540288
540288
540288
540371
540371
540371
540371
540371
540371
540371
540371
540371
540371
540371
540371
540371
540371
540371
540371
540392
540392
540392
540392
540392
540392
540392
540392
540392
540392
540392
540392
540392
540392
540394
540394
540394
540394
540394
540394
540394
540394
540394
540394
540394
540394
540625
540625
540625
540625
540625
540625
540625
540625
540625
540790
540790
540790
540790
540790
540790
541319
541319
541319
541319
541319
541319
541319
541319
541319
541319
541319
541319
541319
541319
541319
541319
541319
541319
541319
541319
541319
541319
541319
541319
541319
541319
541693
542262
542262
542262
542262
542520
542731
542731
542731
542749
542749
542865
542865
542865
542865
542865
542865
542865
542865
543029
543029
543029
543029
543029
543029
543029
543029
543106
543106
543317
543317
543317
543317
543317
543317
543317
543317
543317
543317
543317
543317
543317
543317
543317
543317
543317
543394
543394
543394
543394
543394
543394
543394
543394
543394
543394
543429
543429
543449
543449
543578
543578
543578
543687
543687
543687
543687
543687
543687
543687
543687
543687
543687
543687
543687
543687
543687
543687
543687
543705
543705
543705
543705
543705
543705
543705
543776
543776
543776
543776
543776
543776
543776
543776
543776
543776
543776
543776
543776
543776
543906
543906
543906
543906
543906
543906
543936
543936
543936
543936
543936
543936
544025
544025
544025
544025
544025
544028
544152
544152
544152
544152
544152
544156
544156
544156
544156
544156
544156
544156
544156
544156
544156
544156
544156
544261
544261
544261
544261
544261
544261
544261
544261
544261
544261
544261
544261
544518
544518
544518
544518
544567
544567
544567
544567
544599
544599
544599
544599
544599
544599
544599
544599
544599
544599
544599
544599
544599
544599
544599
544599
544599
544599
544599
544599
544746
544746
544746
544746
544819
544882
544952
544952
544952
544952
544952
544952
544991
544991
544991
544991
544991
544991
544991
544991
544991
544991
544991
544991
544991
544991
544991
544991
544991
544991
544991
545073
545073
545145
545145
545145
545145
545145
545145
545145
545145
545405
545405
545405
545405
545407
545407
545407
545407
545407
545407
545407
545407
545407
545481
545483
545483
545483
545483
545483
545483
545483
545483
545483
545483
545483
545577
545577
545577
545577
545577
545577
545577
545577
545577
545577
545666
545666
545666
545666
545666
545666
545666
545666
545666
545666
545666
545666
545666
545666
545666
545666
545666
545666
545802
545804
545804
545980
545980
545980
545980
545980
545980
545980
545980
545996
545996
545996
546010
546010
546010
546210
546210
546403
546403
546403
546403
546413
546413
546413
546474
546474
546474
546606
546606
546606
546606
546606
546606
546606
546606
546606
546606
546606
546606
546606
546606
546606
546606
546606
546606
546606
546606
546606
546606
546606
546606
546606
546714
546714
546714
546714
546746
546746
546746
546746
546746
546746
546746
546746
546746
546746
546746
546746
547050
547154
547154
547154
547154
547154
547154
547154
547154
547154
547154
547154
547154
547154
547154
547154
547154
547154
547154
547154
547154
547154
547154
547154
547444
547444
547444
547444
547444
547595
547595
547595
547844
547844
547844
547844
547844
548338
548338
548338
548338
548338
548338
548338
548338
548338
548338
548338
548338
548338
548338
548338
548338
548338
548338
548661
548661
548661
548661
548661
548661
548661
548661
548661
548661
548661
548661
548661
548661
548670
548670
548670
548670
548670
548735
548735
548735
548735
548735
548735
548735
548735
548735
548735
548829
548829
548829
548829
548829
548829
548829
548829
548829
548829
548829
548829
548829
548829
548829
548829
548829
548829
548829
548865
548865
548865
548865
548865
548865
548865
549020
549020
549020
549194
549194
549194
549194
549194
549194
549194
549194
549194
549308
549308
549308
549308
549308
549308
549308
549308
549308
549405
549405
549405
549405
549405
549405
549405
549405
549491
549491
549491
549491
549491
549491
549491
549491
549491
549491
549491
549491
549491
549491
549491
549491
549491
549841
549841
549897
549897
549897
550213
550213
550213
550213
550213
550213
550213
550213
550213
550213
550213
550213
550213
550213
550213
550213
550213
550213
550213
550868
550868
550868
550868
550868
550868
550868
550868
550868
550868
550868
550986
550986
550986
551232
551232
551232
551232
551232
551232
551232
551232
551232
551232
551232
551517
551517
551743
551743
551743
551807
551807
551807
551807
551807
551807
551807
551807
551807
551807
551807
551807
551807
551807
551807
551807
551807
551807
551939
551939
551939
551939
551939
551939
551939
551939
551939
551939
552320
552412
552412
552412
552412
552412
552412
552412
552412
552412
552412
552412
552412
552412
552412
552412
552412
552412
552412
552412
552412
552412
552441
552441
552441
552441
552441
552441
552441
552441
552441
552485
552500
552500
552539
552539
553016
553016
553016
553189
553189
553189
553189
553189
553189
553189
553189
553189
553189
553189
553189
553189
553189
553189
553189
553288
553288
553288
553288
553288
553288
553288
553288
553288
553288
553288
553288
553288
553400
553400
553400
553400
553400
553400
553400
553400
553400
553400
553400
553400
553547
553547
553547
553547
553547
553547
553547
553547
553547
553547
553547
553547
553547
553547
553547
553547
553547
553547
553547
553547
553547
553547
553758
553758
553758
553758
553758
553758
553758
553758
553758
553758
553758
553758
553758
553758
553758
553758
553758
553758
553767
553787
553787
553787
553914
554772
554772
554772
554815
554899
554899
554899
554899
554899
554899
554899
554899
554899
554899
554899
555320
555339
555339
555339
555339
555370
555417
555417
555417
555417
555417
555417
555417
555417
555417
555417
555417
555417
555417
555417
555417
555417
555417
555438
555438
555438
555438
555438
555438
555438
555438
555438
555438
555438
555438
555438
555443
555443
555443
555443
555443
555443
555443
555443
555443
555443
555443
555443
555443
555443
555443
555443
555443
555443
555463
555463
555463
555463
555463
555463
555463
555595
555595
555595
555595
555741
555821
555821
555821
555821
555936
555936
555936
555936
555972
555972
555972
556344
556344
556505
556505
556576
556576
556576
556623
556623
556632
556632
556632
556632
556632
556689
556689
556710
556710
556710
556710
556824
556824
556824
556824
556824
556824
556912
557372
557372
557372
557372
557445
557445
557445
557445
557445
557487
557487
557487
557487
557487
557561
557561
557784
557895
557895
557895
557895
557895
557895
557895
557895
557895
557895
557895
557895
557895
557895
557895
557895
557895
557895
557895
557895
557895
557895
557895
557895
557895
557995
558105
558105
558124
558522
558710
558710
558710
558710
558916
558916
558916
558916
558916
558916
558916
558916
559094
559094
559094
559094
559094
559094
559094
559094
559491
559491
559491
559491
559491
559491
559491
559491
559491
559878
559878
559878
559878
559878
559878
559878
559878
559878
560279
560341
560362
560362
560362
560362
560362
560362
560513
560513
560886
560886
560886
560886
560886
560886
560886
561388
561533
561533
561645
561645
561645
561811
561811
561811
561811
561811
561835
561835
561835
561835
561835
561835
562204
562204
562315
562315
562330
562804
562804
562804
562861
562877
562877
562973
562973
562973
562973
562973
562973
562973
562973
562973
562973
562973
562973
562973
562973
562973
562973
562973
562973
562973
562973
563150
563150
563150
563150
563150
563150
563150
563260
563260
563260
563260
563260
563260
563260
563260
563260
563327
563327
563448
563448
563448
563448
563533
564232
564232
564232
564232
564249
564249
564249
564249
564249
564249
564538
564538
564538
564538
564538
564551
564809
564809
564809
565454
565454
565465
565778
565778
565778
566074
566074
566074
566074
566074
566997
566997
566997
567208
567208
567208
567486
567486
567486
567486
567486
567486
567486
567486
567486
567486
567486
567852
567852
567852
567852
568224
568224
568224
568224
568224
568224
568224
568224
568224
568224
568224
568224
568224
568224
568224
568224
568257
568257
568257
568257
568917
568918
569429
569429
569429
569429
569429
569429
569429
569429
569429
569429
569429
569429
569484
569484
569484
569484
569484
569484
569484
569484
569484
570385
570397
570501
571142
571142
571764
571764
571764
571764
571764
572008
572008
572008
572017
572017
572017
572017
572017
572017
572213
572213
572213
572213
572213
572213
572213
572213
572213
572213
572213
572213
572213
572213
572363
572610
572610
572610
572610
572610
572610
573108
573416
573416
574006
574006
574006
574006
574006
574006
574006
574006
574006
574006
574006
574006
574006
574006
574006
574006
574006
574006
574366
574366
574366
574629
575731
575731
575731
575731
576068
576068
576068
576068
576109
576109
576109
576109
576290
576430
576430
576430
576430
576430
576430
576430
576430
577136
577136
579665
580016
580016
580016
580016
580016
580307
580307
580525
580525
580525
580525
580600
580761
581282
581282
581282
581922
581972
581972
581972
581972
581972
581972
581972
582154
582154
582411
582411
583407
583407
583407
583407
583407
583407
583407
583530
583530
584232
584232
584232
584232
584232
584370
584370
584370
584370
584370
584370
584370
584370
584401
584401
584435
584435
584435
585035
585300
585300
585459
585459
585459
585459
585459
585459
585459
585459
585459
585459
585818
585818
586525
586525
586557
586557
587126
587126
587126
587366
587366
587366
587531
587531
588104
588232
588541
588541
588541
588541
588541
589452
589452
589801
589801
589801
589801
590157
590157
590419
590723
591249
591249
591249
591249
591249
591821
591821
592490
592490
593439
593455
593455
593941
595876
595916
597316
597316
597520
597520
597520
598170
598909
599788
600126
600126
600126
610120
616320
618304
620848
625368
625368
628910
636934
