37518824
37748338
37748338
37748338
37748338
37754567
37797738
37805698
37818028
37818028
37818028
37818028
37840049
37840049
37840049
37840049
37840049
37845993
37845993
37851426
37852579
37867246
37889281
37889281
37889281
37896080
37927929
37927929
37950321
37950321
37950321
37950321
37992962
37992962
37992962
37992962
37992962
38022241
38022241
38043986
38043986
38050177
38050177
38050177
38058867
38108891
38108891
38108891
38108891
38108891
38108891
38108891
38108891
38116240
38121389
38121389
38128053
38128053
38128053
38128053
38128053
38128053
38128053
38128053
38128053
38128053
38128053
38137824
38137824
38137824
38137824
38137824
38137824
38177794
38177794
38177794
38177794
38177794
38177794
38177794
38177794
38177794
38177794
38177794
38177794
38177794
38186486
38196686
38217080
38219267
38219267
38219267
38219267
38219267
38219267
38219267
38219267
38219267
38219267
38219267
38224060
38224190
38224190
38271209
38271209
38271209
38277011
38277011
38277011
38277011
38277011
38279901
38279901
38279901
38279901
38279901
38284139
38284139
38284139
38284139
38284139
38284139
38284139
38284139
38284139
38284139
38284139
38284139
38284139
38287374
38287374
38287374
38287374
38287374
38287374
38287374
38287374
38287374
38308214
38313065
38313065
38313065
38313065
38313065
38313065
38313065
38323455
38323455
38323455
38323455
38323455
38323455
38323455
38323455
38323455
38323455
38323455
38323455
38323455
38323455
38323455
38323455
38323455
38323455
38323455
38323455
38323455
38323455
38323455
38375397
38375397
38375397
38375397
38375397
38375397
38375397
38375397
38375397
38375397
38375397
38375397
38375397
38375397
38375397
38375397
38375397
38375397
38375397
38375397
38375397
38375397
38375397
38375397
38375397
38377725
38377725
38377725
38381626
38392259
38392259
38392259
38392259
38392259
38392259
38392259
38392259
38392259
38392259
38403784
38403784
38403784
38403784
38403784
38403784
38403784
38403784
38403784
38403784
38403784
38403784
38403784
38403784
38403784
38403784
38403784
38403784
38403784
38403784
38403784
38403784
38403784
38403784
38403784
38403784
38403784
38403784
38403784
38403784
38408369
38408369
38408369
38408369
38408369
38408369
38408369
38408369
38408369
38408369
38408369
38408369
38408369
38408369
38413988
38413988
38413988
38413988
38413988
38413988
38413988
38413988
38413988
38413988
38413988
38413988
38413988
38434553
38440923
38440923
38440923
38450322
38450322
38450322
38450322
38450322
38450322
38450322
38450322
38450322
38450322
38450322
38450322
38450322
38450322
38450322
38464144
38464144
38464144
38464144
38464144
38464144
38464144
38464144
38464144
38473081
38473081
38473081
38473081
38473081
38473081
38496565
38496565
38496565
38496565
38496565
38496565
38496565
38507507
38507507
38507507
38511301
38511301
38511301
38511301
38521474
38521474
38521474
38521474
38521474
38521474
38521474
38521474
38521474
38521474
38527297
38527297
38527297
38527297
38527297
38527297
38527297
38527297
38527297
38527297
38527297
38527297
38527297
38527297
38527297
38527297
38527297
38527297
38527297
38527297
38527297
38527297
38527297
38547334
38547334
38547334
38547334
38552216
38552216
38552216
38552216
38558951
38558951
38558951
38558951
38558951
38558951
38583263
38583263
38583263
38583263
38583263
38583263
38583263
38583263
38630843
38632305
38632305
38632305
38646232
38646232
38646232
38646232
38646232
38646232
38646232
38646232
38652883
38652883
38653436
38653436
38653436
38657953
38657953
38657953
38657953
38657953
38657953
38657953
38657953
38657953
38662800
38681264
38681264
38681264
38702282
38702282
38702282
38702282
38702282
38702282
38702282
38702282
38702282
38702282
38721156
38721156
38721156
38721156
38721156
38735955
38735955
38735955
38735955
38735955
38735955
38735955
38735955
38738297
38738297
38738297
38738297
38738297
38739870
38739870
38739870
38739870
38739870
38739870
38739870
38741738
38741738
38756264
38756264
38756264
38756264
38756264
38756264
38756264
38756264
38756264
38756264
38756264
38756264
38756264
38756264
38756264
38756264
38756264
38756264
38756264
38756264
38756264
38756264
38756264
38756264
38756264
38756264
38756264
38756264
38756264
38787624
38787624
38787624
38787624
38787624
38787624
38787624
38787624
38787624
38787624
38787624
38787624
38798943
38798943
38798943
38798943
38798943
38806950
38806950
38806950
38806950
38827018
38827018
38827018
38882493
38882493
38882493
38882493
38882493
38882493
38882493
38882493
38882493
38882493
38882493
38882493
38882493
38882493
38891007
38891007
38891007
38891007
38891007
38891007
38891007
38891007
38891007
38891007
38891007
38923172
38945578
38963385
38998358
38998358
38998358
38998358
38998358
38998358
38998358
38998358
38998358
39001422
39011265
39011265
39011265
39011265
39011265
39011265
39011265
39011265
39011265
39011265
39011265
39059150
39059150
39059150
39059150
39059150
39059150
39059150
39059150
39059150
39059150
39061205
39061205
39061205
39061205
39061205
39061205
39061205
39061205
39061205
39061205
39061205
39061205
39061205
39061205
39061205
39061205
39061205
39066158
39066158
39066158
39066158
39066158
39066158
39066158
39066158
39066158
39066158
39066158
39066158
39066158
39066158
39066158
39066158
39066158
39066158
39066258
39066258
39066258
39066258
39066258
39066258
39066258
39066258
39066258
39066258
39066258
39066258
39066258
39066258
39066258
39066258
39066258
39066258
39066258
39066258
39066258
39066258
39066258
39081688
39081688
39081688
39081688
39081688
39081688
39081688
39081688
39081688
39081688
39081688
39081688
39081688
39081688
39081688
39081688
39085715
39085715
39085715
39085715
39085715
39085715
39085715
39085715
39085715
39085715
39085715
39085715
39085715
39109621
39109621
39109621
39109621
39109621
39109621
39109621
39109621
39109621
39109621
39109621
39109621
39109621
39109621
39109621
39109621
39109621
39109621
39109621
39109621
39109621
39109621
39109621
39109621
39109621
39109621
39109621
39109621
39114043
39121761
39121761
39121761
39121761
39121761
39121761
39127030
39127030
39131502
39131502
39131502
39131502
39131502
39131502
39131502
39131502
39131502
39131502
39131502
39131502
39131502
39131502
39131502
39131502
39157621
39157621
39157621
39157621
39157621
39157621
39157621
39157621
39157621
39157621
39157621
39157621
39157621
39157621
39157621
39157621
39157621
39157621
39157621
39157621
39157621
39183358
39183358
39183358
39183358
39183358
39183358
39183358
39183358
39183358
39183358
39183358
39183358
39183358
39183358
39183358
39183358
39183358
39183358
39183358
39183358
39183358
39183358
39184970
39184970
39184970
39184970
39184970
39184970
39184970
39184970
39184970
39184970
39184970
39184970
39184970
39184970
39239228
39239228
39239228
39239228
39240418
39240418
39240418
39240418
39240418
39240418
39240418
39240418
39244459
39244459
39244459
39247914
39247914
39247914
39247914
39247914
39247914
39247914
39247914
39247914
39247914
39247914
39247914
39247914
39247914
39247914
39247914
39247914
39249736
39249736
39249736
39249736
39249736
39249736
39249736
39249736
39249736
39249736
39249736
39249736
39249736
39249736
39249736
39249736
39249736
39249736
39249736
39249736
39249736
39255398
39255398
39255398
39255398
39255398
39255398
39255398
39255398
39255398
39255398
39296112
39296112
39296112
39296112
39296112
39296112
39296112
39296112
39296112
39296112
39296112
39296112
39296112
39296112
39296112
39296112
39296112
39296112
39302065
39302065
39302065
39302065
39302065
39302065
39302065
39308839
39308839
39308839
39308839
39308839
39312466
39312466
39312466
39312466
39312466
39312466
39312466
39312466
39316879
39316879
39316879
39316879
39316879
39316879
39316879
39316879
39316879
39316879
39316879
39316879
39316879
39316879
39316879
39316879
39316879
39316879
39316879
39316879
39316879
39316879
39361750
39361750
39374526
39374526
39378892
39378892
39378892
39378892
39378892
39378892
39378892
39378892
39378892
39378892
39378892
39378892
39378892
39378892
39378892
39378892
39378892
39378892
39378892
39378892
39378892
39378892
39378892
39378892
39387655
39387655
39387655
39387655
39387655
39387655
39387655
39387655
39387655
39387655
39387655
39387655
39387655
39389073
39389073
39389073
39389073
39389073
39389073
39389073
39389073
39389073
39389073
39389073
39400429
39400429
39400429
39400429
39400429
39400429
39400429
39400429
39400429
39400429
39400429
39400429
39400429
39400429
39400429
39400429
39400429
39400429
39400429
39400429
39400429
39400429
39400429
39400429
39400429
39400429
39408951
39408951
39408951
39408951
39408951
39408951
39471450
39471450
39471450
39471450
39471450
39471450
39471450
39471450
39471450
39471450
39471450
39471450
39471450
39471450
39471450
39474638
39474638
39474638
39474638
39474638
39474638
39474638
39474638
39474638
39474638
39474638
39474638
39474638
39474638
39474638
39489130
39489130
39489130
39489130
39489130
39489130
39489130
39489130
39489130
39489130
39489130
39489130
39489130
39489130
39489130
39489130
39489130
39489130
39489130
39489130
39489130
39489130
39489130
39489130
39516975
39516975
39516975
39516975
39516975
39516975
39516975
39516975
39516975
39516975
39516975
39516975
39516975
39516975
39521863
39521863
39521863
39521863
39521863
39521863
39521863
39521863
39521863
39521863
39521863
39521863
39521863
39521863
39521863
39521863
39521863
39521863
39521863
39521863
39521863
39521863
39524943
39524943
39524943
39524943
39524943
39524943
39524943
39545454
39545454
39545454
39545454
39545454
39545454
39545454
39545454
39545454
39545454
39545454
39545454
39545454
39545757
39545757
39545757
39545757
39545757
39545757
39545757
39545757
39545757
39545757
39545757
39549321
39549321
39549321
39549321
39549321
39549321
39549321
39549321
39549321
39549321
39549321
39549321
39549321
39549321
39549321
39549321
39549321
39549321
39549321
39559201
39559201
39559201
39559201
39559201
39559201
39559201
39559201
39559201
39559201
39559201
39559201
39559201
39559201
39559201
39559201
39559201
39559201
39559201
39559201
39559201
39559201
39559201
39559201
39559201
39559201
39559201
39559201
39559201
39565938
39565938
39565938
39565938
39565938
39565938
39565938
39565938
39565938
39565938
39565938
39565938
39565938
39565938
39576510
39579946
39579946
39579946
39579946
39579946
39579946
39579946
39579946
39579946
39579946
39579946
39579946
39579946
39579946
39579946
39579946
39579946
39579946
39579946
39579946
39579946
39579946
39579946
39579946
39579946
39579946
39579946
39579946
39579946
39579946
39579946
39579946
39579946
39579946
39579946
39579946
39591938
39591938
39591938
39591938
39591938
39591938
39591938
39591938
39615753
39615753
39622702
39622702
39622702
39622702
39622702
39622702
39622702
39622702
39622702
39622702
39622702
39622702
39622702
39622702
39622702
39622702
39622702
39633823
39633823
39633823
39633823
39633823
39633823
39633823
39633823
39640707
39640707
39640707
39640707
39640707
39640707
39640707
39640707
39640707
39640707
39640707
39640707
39640707
39640707
39640707
39640707
39640707
39640707
39665764
39665764
39665764
39665764
39665764
39665764
39665764
39665764
39665764
39665764
39665764
39665764
39665764
39665764
39665764
39665764
39686165
39686165
39686165
39686165
39686165
39686165
39686165
39686165
39686165
39686165
39689574
39689574
39689574
39689574
39689574
39689574
39689574
39689574
39689574
39689574
39689574
39689574
39689574
39731233
39731233
39731233
39731233
39731233
39736908
39736908
39736908
39736908
39736908
39736908
39736908
39736908
39736908
39736908
39740488
39740488
39740488
39767197
39767197
39767197
39767197
39767197
39767303
39767303
39767303
39767303
39767303
39767303
39767303
39767303
39767303
39767303
39767303
39767303
39767303
39767303
39775816
39778931
39778931
39778931
39778931
39778931
39778931
39778931
39778931
39778931
39778931
39778931
39778931
39778931
39782929
39782929
39782929
39782929
39782929
39782929
39817984
39817984
39817984
39817984
39817984
39817984
39817984
39817984
39817984
39817984
39817984
39817984
39817984
39817984
39817984
39817984
39817984
39828087
39828087
39828087
39828087
39828087
39828087
39828087
39828087
39828087
39828087
39828087
39828087
39828087
39850654
39850654
39850654
39850654
39850654
39850654
39850654
39850654
39850654
39850654
39850654
39850654
39850654
39850654
39850654
39850654
39850654
39850654
39850654
39850654
39850654
39852931
39852931
39852931
39852931
39852931
39852931
39860030
39860030
39860030
39860030
39860030
39860030
39881376
39881376
39881376
39881376
39881376
39881376
39881376
39881376
39881376
39881376
39881376
39881376
39881376
39881376
39881376
39881376
39881376
39881376
39881376
39881376
39885871
39885871
39885871
39885871
39885871
39885871
39885871
39885871
39885871
39885871
39885871
39885871
39885871
39885871
39885871
39885871
39885871
39885871
39885871
39885871
39885871
39885871
39885871
39885871
39885871
39885871
39885871
39898205
39898205
39898205
39898205
39898205
39898205
39898205
39898205
39898205
39898205
39898205
39898205
39898205
39898205
39898205
39898205
39898205
39898205
39898205
39898205
39898205
39898205
39898205
39898205
39898205
39898205
39898205
39898205
39898205
39919929
39919929
39919929
39919929
39923891
39927436
39927436
39927436
39927436
39927436
39927436
39927436
39927436
39927436
39927436
39927436
39927436
39927436
39927436
39927436
39927436
39927436
39927436
39956723
39956723
39956723
39956723
39963014
39963014
39963014
39963014
39963014
39963014
39963014
39963014
39963014
39963014
39963014
39963014
39963014
39963014
39963014
39963014
39963014
39974979
39974979
39974979
39974979
39974979
39974979
39980145
39983984
39983984
39983984
39983984
39983984
39983984
39983984
39983984
39983984
39983984
39983984
39983984
39983984
39983984
39983984
39983984
39983984
39983984
39983984
39983984
39983984
39983984
39983984
39983984
39983984
39983984
39983984
39983984
39983984
39983984
39983984
39983984
39983984
39983984
39983984
39983984
39983984
39983984
39983984
39983984
39983984
39983984
39983984
39983984
39983984
39986469
39986469
39986469
39986469
39986469
39986469
39986469
39986469
39986469
39986469
39986469
39986469
39986469
39986469
39986469
39986469
39986469
39986469
39986469
39986469
39986469
39986469
39986469
39986469
39986469
39986469
39986469
39986469
39986469
39998268
40004281
40004281
40004281
40004281
40004281
40004281
40004281
40004281
40004281
40004281
40004281
40004281
40004281
40004281
40004281
40004281
40004281
40004281
40004281
40004281
40004281
40004281
40004281
40004281
40004281
40004281
40004281
40004281
40004281
40004281
40004281
40004281
40004281
40004281
40004281
40004281
40004281
40004281
40049197
40049197
40049197
40049197
40049197
40049197
40049197
40049197
40049197
40049197
40049197
40049197
40049197
40049197
40049197
40049197
40049197
40049197
40049197
40049197
40049197
40049197
40049197
40049197
40049197
40049197
40049197
40049197
40049197
40049197
40049197
40049197
40072619
40072619
40072619
40072619
40072619
40072619
40072619
40072619
40072619
40073644
40073644
40073644
40073644
40073644
40073644
40073644
40073644
40093234
40093234
40093234
40093234
40121376
40134989
40134989
40134989
40134989
40134989
40134989
40134989
40134989
40134989
40134989
40134989
40134989
40134989
40134989
40134989
40134989
40134989
40134989
40134989
40134989
40134989
40134989
40134989
40134989
40134989
40134989
40134989
40134989
40134989
40134989
40134989
40134989
40134989
40134989
40134989
40134989
40134989
40134989
40134989
40134989
40134989
40134989
40134989
40134989
40134989
40134989
40134989
40134989
40134989
40134989
40134989
40190635
40190635
40190635
40190635
40190635
40190635
40190635
40190635
40190635
40190635
40190635
40190635
40190635
40190635
40190635
40190635
40190635
40190635
40190635
40190635
40190635
40190635
40190635
40190635
40190635
40190635
40190635
40191282
40191282
40191282
40191282
40244067
40279035
40279035
40279035
40283441
40283441
40283441
40283441
40284718
40284718
40284718
40284718
40284718
40284718
40284718
40284718
40284718
40284718
40284718
40284718
40284718
40284718
40284718
40284718
40284718
40284718
40284718
40284718
40284718
40284718
40284718
40284718
40284718
40284718
40284718
40284718
40284718
40284718
40284718
40284718
40284718
40318502
40318502
40318502
40318502
40318502
40318502
40318502
40318502
40318502
40318502
40318502
40318502
40318502
40318502
40318502
40318502
40318502
40318502
40318502
40318502
40318502
40318502
40318502
40318502
40318502
40318502
40318502
40318502
40318502
40318502
40318502
40318502
40318502
40318502
40318511
40318511
40318511
40318511
40318511
40318511
40318511
40318511
40318511
40318511
40318511
40318511
40318511
40318511
40318511
40318511
40318511
40318511
40318511
40318511
40318511
40318511
40318511
40318511
40318511
40318511
40318511
40318511
40318511
40318511
40318511
40318511
40318511
40318511
40318511
40318511
40318511
40318511
40318511
40318511
40318511
40318511
40337254
40337254
40337254
40337254
40337254
40337254
40337254
40337254
40337254
40337254
40342167
40342167
40342167
40342167
40342167
40342167
40342167
40342167
40342167
40342167
40342167
40342167
40342167
40342167
40342167
40342167
40342167
40342167
40342167
40342167
40342167
40342167
40342167
40342167
40344246
40360580
40360580
40360580
40360580
40360580
40360820
40360820
40360820
40360820
40360820
40360820
40360820
40360820
40360820
40360820
40360820
40360820
40360820
40360820
40360820
40360820
40360820
40360820
40360820
40360820
40360820
40360820
40360820
40360820
40360820
40360820
40360820
40360820
40360820
40360820
40360820
40360820
40360820
40360820
40360820
40360820
40360820
40360820
40360820
40360820
40360820
40360820
40360820
40360820
40362679
40362679
40362679
40362679
40362679
40362679
40362679
40362679
40362679
40362679
40362679
40362679
40362679
40371455
40371455
40371455
40371455
40371455
40371455
40371455
40371455
40371455
40371455
40372581
40372581
40372581
40372581
40372581
40372581
40372581
40372581
40372581
40372581
40372581
40372581
40372581
40372581
40372581
40372581
40372581
40372581
40372581
40372581
40372581
40423041
40423041
40423041
40423041
40445304
40445304
40445304
40445304
40445304
40445304
40446004
40446004
40446004
40446004
40446004
40446004
40446004
40446004
40446004
40446004
40446004
40446004
40446004
40446004
40446004
40446004
40446004
40446004
40446004
40446004
40446004
40446004
40446004
40446004
40446004
40446004
40455869
40455869
40455869
40455869
40455869
40455869
40455869
40455869
40455869
40455869
40455869
40455869
40455869
40455869
40455869
40455869
40455869
40455869
40455869
40455869
40455869
40455869
40455869
40455869
40455869
40463829
40463829
40463829
40463829
40463829
40463829
40463829
40464335
40464335
40464335
40464335
40464335
40464335
40464335
40464335
40464335
40464335
40464335
40464335
40464335
40464335
40464335
40464335
40464335
40464335
40464335
40464335
40464335
40464335
40464335
40464335
40464335
40464335
40464335
40464335
40464335
40464335
40464335
40464335
40464335
40464335
40464335
40464335
40464335
40464335
40464335
40464335
40464335
40464335
40464335
40464335
40464335
40464335
40464335
40464335
40490412
40490412
40512397
40512397
40512397
40512397
40512397
40512397
40512397
40512397
40512397
40512397
40512397
40512397
40512397
40512397
40512397
40512397
40512397
40512397
40512397
40512397
40512397
40512397
40512397
40512397
40529721
40529721
40529721
40529721
40529721
40529721
40529721
40529721
40529721
40529721
40529721
40549519
40549519
40549519
40549519
40549519
40549519
40549519
40549519
40549519
40549519
40549519
40549519
40549519
40549519
40549519
40549519
40549519
40549519
40549519
40549519
40549519
40549519
40549519
40549519
40549519
40549519
40549519
40549519
40549519
40549519
40550381
40550381
40550381
40550381
40550381
40550381
40550381
40550381
40550381
40550381
40550381
40550381
40550381
40550381
40550381
40550381
40550381
40550381
40550381
40550381
40550381
40550381
40550381
40550381
40550381
40550381
40550381
40550381
40550381
40550381
40569253
40569253
40569253
40569253
40569253
40569253
40569253
40569253
40569253
40569253
40569253
40569253
40569253
40569253
40569253
40569253
40569253
40569253
40569253
40569253
40569253
40569253
40569253
40569253
40569253
40569253
40569253
40569253
40569253
40569253
40569253
40569253
40569253
40569253
40569253
40569253
40572112
40572112
40572112
40572112
40572112
40572112
40572112
40572112
40572112
40572112
40572112
40572112
40572112
40572112
40572112
40572112
40572112
40572112
40572112
40572112
40572112
40572112
40572112
40572112
40572112
40572112
40572112
40572112
40572112
40572112
40572112
40572112
40586381
40586381
40586381
40586381
40586381
40586381
40586381
40586381
40586381
40586381
40586381
40586381
40586381
40586381
40586381
40586381
40588939
40588939
40588939
40588939
40588939
40588939
40588939
40588939
40588939
40588939
40588939
40588939
40588939
40588939
40588939
40588939
40588939
40588939
40588939
40588939
40588939
40588939
40588939
40588939
40588939
40588939
40588939
40588939
40588939
40588939
40604955
40604955
40604955
40604955
40604955
40604955
40604955
40604955
40604955
40604955
40604955
40604955
40604955
40604955
40604955
40604955
40604955
40604955
40604955
40604955
40604955
40604955
40604955
40604955
40604955
40606084
40606084
40606084
40606084
40606084
40606084
40606084
40606084
40636906
40636906
40636906
40636906
40636906
40636906
40636906
40636906
40636906
40636906
40636906
40636906
40636906
40636906
40636906
40636906
40638541
40638541
40638541
40638541
40638541
40638541
40638541
40638541
40638541
40638541
40638541
40638541
40638541
40638541
40638541
40638541
40638541
40638541
40638541
40639286
40639286
40639286
40639286
40639286
40639286
40639286
40639286
40639286
40639286
40639286
40639286
40639286
40639286
40639286
40639286
40639286
40639286
40639286
40639286
40639286
40639286
40639286
40639286
40639286
40639286
40639286
40639286
40647942
40655447
40655447
40655447
40655447
40655447
40655447
40655447
40655447
40665389
40665389
40665389
40677870
40677870
40677870
40677870
40677870
40712821
40712821
40712821
40712821
40712821
40712821
40712821
40736953
40736953
40736953
40736953
40736953
40736953
40736953
40736953
40736953
40736953
40736953
40754526
40754526
40754526
40754526
40754526
40754526
40754526
40754526
40754526
40754526
40754526
40754526
40754526
40754526
40754526
40754526
40754526
40754526
40754526
40754526
40754526
40754526
40754526
40754526
40754526
40754526
40754526
40754526
40754526
40754526
40754526
40754526
40754526
40754526
40754526
40754526
40754526
40754526
40754526
40763316
40763316
40763316
40763316
40763316
40763316
40763316
40763316
40763316
40763316
40763316
40763316
40763316
40763316
40763316
40763316
40763316
40763316
40763316
40763316
40763316
40763316
40763316
40763316
40763316
40763316
40763316
40763316
40763316
40763316
40763316
40763316
40763316
40763316
40763316
40763316
40763316
40763316
40763316
40763316
40763316
40763316
40763316
40763316
40763316
40763316
40763316
40763316
40763316
40763316
40763316
40763316
40763316
40763316
40763316
40763316
40763316
40773266
40773266
40778159
40778159
40778159
40778159
40778159
40778159
40778159
40778159
40778159
40778159
40778159
40778159
40778159
40778159
40778159
40778159
40778159
40778159
40778159
40778159
40778159
40778159
40778159
40778159
40778159
40778159
40778159
40778159
40778159
40778159
40778159
40778159
40778159
40778159
40778159
40778159
40778159
40778159
40778159
40821670
40821670
40821670
40826231
40826231
40826231
40826231
40826231
40826231
40826231
40837945
40837945
40837945
40837945
40837945
40837945
40837945
40837945
40837945
40837945
40837945
40846468
40846468
40846468
40846468
40846468
40846468
40846468
40846468
40846468
40846468
40846468
40846468
40846468
40847794
40863333
40863333
40863333
40863333
40863333
40863333
40863333
40863333
40863333
40863333
40869673
40869673
40869673
40869673
40869673
40869673
40869673
40869673
40869673
40869673
40874333
40874333
40874333
40874333
40874333
40874333
40874333
40874333
40874333
40874333
40874333
40874333
40874333
40874333
40874333
40874333
40874333
40874333
40874333
40874333
40874333
40874333
40874333
40874333
40874333
40874333
40874333
40874333
40874333
40874333
40874333
40874333
40874333
40874333
40874333
40874333
40897913
40897913
40897913
40897913
40897913
40897913
40897913
40897913
40897913
40897913
40897913
40897913
40897913
40897913
40897913
40897913
40897913
40897913
40897913
40897913
40897913
40897913
40897913
40897913
40897913
40897913
40897913
40897913
40902308
40902308
40909103
40909103
40909103
40909103
40909103
40909103
40909103
40909103
40909103
40944334
40944334
40944334
40944334
40944334
40944334
40944334
40944334
40944334
40944334
40944334
40944334
40944334
40944334
40944334
40944334
40944334
40944334
40944334
40949105
40949105
40949105
40949105
40949105
40949105
40949105
40949105
40949105
40949105
40949105
40949105
40949105
40949105
40949105
40949105
40949105
40949105
40949105
40949105
40949105
40949105
40949105
40949105
40949105
40949105
40949105
40957088
40957088
40957088
40957088
40957088
40957088
40957088
40959338
40959338
40959338
40959338
40959338
40959338
40959338
40959338
40959338
40959338
40959338
40959338
40959473
40959473
40959473
40959473
40959473
40959473
40959473
40974671
40974671
40974671
40974671
40974671
40974671
40974671
40974671
40974671
40974671
40974671
40974779
40974779
40974779
40974779
40974779
40974779
40974779
40974779
40974779
40974779
40974779
40974779
41012399
41012399
41012399
41012399
41017362
41017362
41017362
41017362
41017362
41017362
41017362
41017362
41017362
41017362
41017362
41017362
41017362
41017445
41017445
41017445
41017445
41017445
41017445
41017445
41017445
41017445
41017445
41018809
41024848
41024848
41024848
41024848
41024848
41024848
41024848
41024848
41033362
41033362
41033362
41033362
41033362
41033362
41033362
41033362
41033362
41033362
41033362
41033362
41033362
41033362
41033362
41036539
41036539
41036539
41036539
41036539
41036539
41036539
41036539
41036539
41036539
41036539
41036539
41036539
41036539
41036539
41036539
41059143
41059143
41059143
41059143
41059143
41059143
41059143
41059143
41059143
41059143
41059143
41059143
41059143
41074446
41074446
41074446
41074446
41081869
41081869
41081869
41081869
41081869
41081869
41081869
41081872
41081872
41081872
41081872
41081872
41081872
41081872
41081872
41081872
41081872
41081872
41081872
41081872
41081872
41081872
41081872
41081872
41081872
41081872
41081872
41081872
41081872
41081872
41081872
41081872
41081872
41081872
41081872
41081872
41081872
41081872
41081872
41081872
41081872
41088139
41088139
41092884
41092884
41092884
41092884
41092884
41092884
41092884
41092884
41092884
41092884
41092884
41092884
41092884
41092884
41092884
41092884
41092884
41092884
41092884
41092884
41092884
41092884
41092884
41092884
41095274
41095274
41095274
41095274
41095274
41095274
41095274
41095274
41095274
41095274
41095274
41095274
41095274
41095274
41095274
41095274
41095274
41095274
41095274
41095274
41095274
41095274
41095274
41095274
41095274
41095274
41095274
41095274
41095274
41095274
41095274
41095274
41095274
41095274
41095274
41099039
41099039
41099039
41099039
41099039
41099039
41099039
41099039
41099039
41099039
41099039
41099039
41099039
41099039
41099039
41099039
41099039
41099039
41099039
41099039
41099039
41099039
41099039
41099039
41099039
41099039
41099039
41099039
41099039
41099039
41099039
41099039
41099039
41099039
41099039
41099039
41099039
41099039
41111214
41111214
41111214
41111214
41111214
41111214
41111214
41111214
41111214
41111214
41111214
41111214
41111214
41111214
41111214
41111214
41111214
41111214
41111214
41111214
41111214
41111214
41111214
41111214
41111214
41111214
41111214
41111214
41111214
41111214
41111214
41111214
41111214
41111214
41111214
41111214
41111214
41111214
41111214
41111214
41111214
41111214
41111214
41111214
41111214
41111214
41118958
41118958
41118958
41118958
41125502
41125502
41125502
41125502
41125502
41125502
41125502
41125502
41125502
41125502
41125502
41125502
41125502
41125502
41125502
41125502
41125502
41125502
41125502
41125502
41125502
41125502
41125502
41125502
41186974
41186974
41186974
41186974
41186974
41186974
41186974
41186974
41186974
41186974
41186974
41186974
41186974
41186974
41186974
41186974
41186974
41186974
41186974
41186974
41186974
41188547
41188547
41188547
41188547
41188547
41188547
41188547
41188547
41188547
41188547
41188547
41188547
41188547
41188547
41188547
41188547
41188547
41188547
41188547
41225928
41225928
41225928
41225928
41225928
41225928
41225928
41225928
41225928
41225928
41225928
41225928
41225928
41225928
41225928
41225928
41225928
41225928
41225928
41225928
41225928
41225928
41225928
41225928
41225928
41225928
41225928
41225928
41225928
41225928
41225928
41235299
41235299
41235299
41235299
41235299
41235299
41235299
41235299
41235299
41235299
41235299
41235299
41235299
41235299
41235299
41235299
41235299
41235299
41235299
41272363
41272363
41272363
41272363
41273965
41273965
41273965
41276653
41276653
41276653
41276653
41276653
41276653
41276653
41276653
41276653
41276653
41276653
41276653
41276653
41276784
41276784
41276784
41276784
41276784
41276784
41276784
41276784
41276784
41276784
41276784
41276784
41276784
41276784
41276784
41276784
41276784
41276784
41276784
41276784
41276784
41276784
41286776
41286776
41286776
41286776
41304969
41304969
41304969
41304969
41304969
41304969
41304969
41304969
41304969
41304969
41304969
41304969
41304969
41306252
41306252
41306252
41306252
41306252
41306252
41306252
41306252
41306252
41306252
41306252
41306252
41306252
41306252
41306252
41306252
41306252
41306252
41306252
41306252
41306252
41306252
41306252
41306252
41306252
41306252
41306252
41306252
41306252
41306252
41306252
41306252
41306252
41306252
41306252
41306252
41306252
41306252
41306252
41306252
41306252
41337462
41337462
41337462
41337462
41337462
41337462
41337462
41337462
41337462
41337462
41337462
41337462
41337462
41337462
41337462
41337462
41337462
41337462
41337462
41337462
41347798
41355029
41355029
41377914
41377914
41377914
41377914
41377914
41377914
41377914
41377914
41397558
41397558
41397558
41397558
41397558
41397558
41397558
41397558
41397558
41397558
41397558
41397558
41397558
41397558
41397558
41397558
41397558
41397558
41397558
41397558
41415907
41417008
41417008
41417008
41417008
41417008
41417008
41417008
41417008
41417008
41417008
41417008
41417008
41417008
41417008
41417008
41417008
41417008
41417008
41417008
41417008
41417008
41417011
41417011
41425646
41425646
41428213
41428213
41428213
41428213
41428213
41428213
41428213
41435322
41435322
41435322
41435322
41435322
41435322
41435322
41435322
41435322
41435322
41435322
41435322
41435322
41435322
41435322
41435322
41435322
41435322
41435322
41435322
41435322
41435322
41435322
41435322
41435322
41435322
41435322
41435322
41435322
41435322
41435322
41435322
41435322
41435322
41435322
41435322
41435322
41435322
41438318
41438318
41438318
41438318
41438318
41438318
41438318
41438318
41438318
41438318
41438318
41438318
41438318
41438318
41438318
41438318
41438318
41438318
41438318
41438318
41438318
41438318
41438318
41438318
41438318
41438318
41438598
41438598
41438598
41438598
41438598
41438598
41438598
41438598
41438598
41438598
41438598
41438598
41438598
41438598
41438598
41438598
41451346
41451346
41451346
41451346
41451346
41451346
41451346
41451346
41451346
41451346
41451346
41451346
41451346
41451346
41451346
41451346
41451346
41451346
41451346
41451346
41451346
41451346
41451346
41451346
41451346
41451346
41451346
41451346
41451346
41451346
41451346
41451346
41451346
41451346
41451346
41451346
41451346
41451346
41455960
41455960
41455960
41455960
41455960
41455960
41455960
41455960
41460194
41470971
41470971
41470971
41470971
41488731
41488731
41488731
41488731
41488731
41488731
41488731
41488731
41488731
41488731
41488731
41488731
41488731
41488731
41488731
41488731
41488731
41488731
41488731
41488731
41488731
41488731
41488731
41488731
41488731
41488731
41488731
41488731
41521769
41521769
41527604
41527604
41527604
41527604
41527604
41527604
41527604
41527604
41527604
41535465
41535465
41535465
41535465
41535465
41535465
41535465
41535465
41535465
41535465
41535465
41535465
41535465
41535465
41535465
41535465
41551151
41551151
41551151
41555877
41555877
41555877
41555877
41555877
41555877
41555877
41555877
41555877
41555877
41555877
41555877
41555877
41555877
41555877
41555877
41555877
41555877
41555877
41555877
41555877
41555877
41555877
41567037
41567037
41567037
41567037
41567037
41570698
41570698
41570698
41570698
41570698
41570698
41570698
41570698
41570698
41570698
41570698
41570698
41570698
41570698
41580435
41580435
41580435
41580435
41580435
41580435
41580435
41580435
41580435
41580435
41580435
41622476
41622476
41622476
41622476
41662634
41662634
41662634
41662634
41662634
41662634
41662634
41662634
41662634
41662634
41678522
41678522
41678522
41678522
41678522
41678522
41678522
41678522
41678522
41678522
41678522
41678522
41678522
41678522
41678522
41678522
41678522
41699163
41699163
41699163
41699163
41699163
41699163
41699163
41699163
41702570
41703110
41703110
41721247
41721247
41721247
41721247
41721247
41721247
41721247
41721247
41721247
41721247
41740176
41740176
41740176
41740176
41740176
41740176
41740176
41740176
41740176
41740176
41745896
41745896
41745896
41745896
41745896
41745896
41745896
41745896
41753064
41753064
41753064
41753064
41753064
41753064
41753064
41753064
41753064
41753064
41753064
41753064
41753064
41753064
41753064
41753064
41753064
41753064
41753064
41753064
41753064
41753064
41775059
41775059
41775059
41775059
41775059
41775059
41775059
41775059
41775059
41775059
41775059
41775059
41775059
41775059
41775059
41775059
41775059
41775059
41775059
41775059
41775059
41775059
41775059
41775059
41775059
41775059
41775059
41775059
41775059
41791228
41791228
41791228
41791228
41791228
41791228
41791228
41791228
41791228
41791228
41791228
41791228
41791228
41791228
41791228
41791228
41791228
41791228
41791228
41791228
41791228
41791228
41791228
41800279
41800279
41800279
41800279
41800279
41800279
41800279
41800279
41800279
41800279
41800279
41800279
41800279
41800279
41801108
41801108
41801233
41801233
41801233
41801233
41801233
41801233
41808332
41808332
41808332
41808332
41808332
41808332
41808332
41808332
41808332
41808332
41808332
41808332
41808332
41813683
41813683
41822415
41822415
41822415
41822415
41822415
41822415
41822415
41822415
41822415
41822415
41822415
41827493
41827493
41827493
41843139
41843139
41843139
41843139
41843139
41843139
41843139
41843139
41843139
41843139
41850016
41850016
41850016
41850016
41850016
41850016
41850016
41850016
41850016
41850016
41850016
41850016
41850016
41850016
41850016
41850016
41865446
41865446
41865446
41865446
41865446
41865446
41865446
41865446
41865446
41865446
41867336
41867336
41867336
41867336
41867336
41867336
41867336
41867336
41867336
41867336
41867336
41867336
41867336
41867336
41867336
41867336
41867336
41867336
41867336
41867336
41867336
41867336
41867336
41867336
41867336
41867336
41867336
41869260
41869260
41869260
41869260
41869260
41878189
41887652
41906572
41906572
41906572
41906572
41906572
41969810
41969810
41969810
41969810
41969810
41969810
41969810
41970226
41970226
41970226
41970226
41970226
41970226
41970226
41970226
41970226
41970226
41970226
41970226
41970226
41970226
41970226
41970226
41970226
41970226
41970226
41970226
41970226
41970226
41970226
41970226
41970226
41970226
41972908
41972908
41972908
41990986
41990986
41990986
42044680
42044680
42044680
42044680
42044680
42044680
42044680
42044680
42044680
42044680
42044680
42044680
42044680
42071552
42071552
42071552
42071552
42071552
42071552
42071552
42071552
42071552
42071552
42071552
42071552
42071552
42071552
42081346
42081346
42081346
42081346
42081346
42081346
42081346
42081346
42112308
42112308
42112308
42112308
42134118
42138041
42138041
42138041
42138041
42138041
42138041
42138041
42138041
42138041
42138041
42138041
42138041
42138041
42138041
42138041
42138041
42138041
42138041
42138041
42138041
42138041
42138041
42138041
42138041
42138041
42150381
42150381
42150381
42162517
42162517
42162517
42162517
42162517
42162517
42162517
42162517
42162517
42162517
42162517
42162517
42162517
42162517
42162517
42162517
42162517
42162517
42162517
42162517
42162517
42162517
42162517
42162517
42162517
42162517
42162517
42165271
42165271
42165856
42191310
42191310
42191361
42191361
42191361
42191361
42191361
42191361
42191361
42191361
42191361
42191361
42191361
42191361
42217140
42229855
42229855
42229855
42229855
42229855
42229855
42229855
42229855
42229855
42229855
42229855
42229855
42229855
42229855
42229855
42229855
42229855
42296219
42296219
42296219
42296219
42296219
42296219
42296219
42296219
42296219
42296219
42327590
42327590
42327590
42390520
42390520
42390520
42561475
42561475
42561475
42561475
42561475
42561475
42561475
42575023
42575023
42575023
42575023
42575023
42575023
42575023
42588153
42588153
42588153
42588153
42616630
42677710
42706473
42723751
42789682
42789682
42849124
