77673212
77680922
77716400
77716400
77720663
77720663
77720663
77720663
77720663
77720663
77728965
77728965
77728965
77749327
77749327
77749327
77749327
77749327
77804789
77821456
77821456
77821456
77867985
77867985
77867985
77874478
77874478
77874478
77874478
77874478
77874478
77874478
77874478
77874478
77899203
77899203
77899203
77899203
77899203
77899203
77899203
77899203
77899203
77899203
77899203
77899203
77902671
77930406
77930406
77930406
77930406
77930406
77930406
77930406
77930406
77930406
77930406
77969305
77969305
77969305
77969305
77969305
77969305
77969305
77969305
77969305
77973933
77973933
77973933
77973933
77973933
77981081
77981081
77981081
77981081
77981081
77981081
77981081
77981081
77981081
77981081
77981081
77981081
77981081
77981081
77981081
77981081
77981081
77992926
77992926
77992926
77992926
77992926
77992926
77992926
77992926
77992926
78070413
78070413
78070413
78070413
78070413
78070413
78091900
78091900
78100733
78121306
78121306
78121306
78121306
78121306
78121306
78121306
78121306
78121306
78121306
78121306
78130060
78130060
78130060
78130060
78130060
78130060
78130060
78130060
78130060
78130060
78130060
78130060
78203931
78203931
78203931
78203931
78203931
78203931
78203931
78203931
78203931
78203931
78211560
78211560
78211560
78211560
78211560
78211560
78211560
78211560
78211560
78211560
78211560
78211560
78211560
78211560
78211560
78211560
78211560
78211560
78211560
78231494
78231494
78231494
78231494
78231494
78231494
78231494
78231494
78231494
78231494
78231494
78231494
78231494
78231494
78231494
78231494
78231494
78295001
78307572
78307572
78307572
78307572
78307572
78307572
78307572
78307572
78307572
78307572
78307572
78307572
78307572
78307572
78359258
78359258
78359258
78359258
78359258
78359258
78359258
78359258
78359258
78359258
78359258
78359258
78359258
78359258
78359258
78359258
78359258
78359258
78359258
78359258
78360042
78360042
78360042
78360042
78360042
78360042
78360042
78360042
78360042
78360042
78360042
78360042
78360042
78360042
78360042
78371520
78400804
78400804
78400804
78400804
78400804
78400804
78400804
78400804
78400804
78400804
78425305
78425305
78425305
78425305
78425305
78425305
78425305
78458342
78458342
78458342
78458342
78458342
78458342
78458342
78458342
78458342
78458342
78458342
78480776
78480776
78480776
78480776
78480776
78480776
78480776
78480776
78480776
78480776
78480776
78480776
78480776
78480776
78480776
78480776
78480776
78480776
78492525
78492525
78492525
78492525
78492525
78492525
78492525
78492525
78492525
78492525
78492525
78492525
78492525
78492525
78492525
78492525
78492525
78503531
78503531
78503531
78508311
78508311
78508311
78508311
78531932
78531932
78531932
78531932
78531932
78531932
78531932
78531932
78531932
78531932
78531932
78531932
78536081
78536081
78550915
78550915
78550915
78550915
78550915
78550915
78550915
78550915
78550915
78550915
78550915
78550915
78550915
78550915
78550915
78550915
78550915
78550915
78550915
78550915
78550915
78550915
78550915
78550915
78550915
78550915
78550915
78585752
78605453
78605453
78605453
78605453
78605453
78605453
78611468
78611468
78611468
78611468
78611468
78611468
78611468
78611468
78641062
78641062
78641062
78641062
78641062
78641062
78641062
78641062
78641062
78641062
78641062
78641062
78641062
78641062
78641062
78641062
78641062
78641062
78641062
78641062
78641062
78641062
78641062
78641062
78641062
78642448
78642448
78642448
78642448
78642448
78642448
78642448
78642448
78642448
78642448
78642448
78642448
78642448
78642448
78658108
78671702
78672908
78672908
78672908
78672908
78672908
78672908
78672908
78672908
78672908
78716021
78716021
78716021
78716021
78716021
78716021
78716021
78716021
78716021
78716021
78716021
78716021
78716021
78716021
78756713
78756713
78756713
78756713
78756713
78756713
78756713
78756713
78756713
78756713
78756713
78756713
78756713
78756713
78776638
78776638
78776638
78821682
78821682
78821682
78821682
78821682
78821682
78821682
78821682
78821682
78821682
78822650
78822650
78822650
78822650
78843421
78843421
78843421
78843421
78843421
78843421
78843421
78843421
78843421
78843421
78843421
78850377
78850377
78850377
78850377
78850377
78850377
78850377
78850377
78850377
78850377
78850377
78850377
78850377
78850377
78850377
78850377
78850377
78850377
78850377
78850377
78850377
78850377
78850377
78850377
78850377
78850377
78850377
78850377
78850377
78850377
78850377
78879975
78889074
78934481
78934481
78934481
78934481
78934481
78934481
78934481
78934481
78934481
78934481
78934481
78934481
78934481
78934481
78934481
78934481
78934481
78934481
78934481
78934481
78934481
78934481
78934481
78934481
78934481
78934481
78934481
78934481
78934481
78934481
78934481
78934481
78934481
78934481
78934481
78934481
78934481
78934481
78934481
78934481
78934481
78934481
78934481
78934481
78934481
78936612
78942439
78942439
78942439
78942439
78942439
78942439
78942439
78942439
78942439
78942439
78942439
78942439
78942439
78942439
78942439
78942439
78942439
78942439
78942439
78942439
78942439
78942439
78953278
78953278
78953278
78953278
78953278
78957474
78957474
78957474
78957474
78957474
78957474
78957474
78957474
78957474
78957474
78957474
78957474
78957474
78957474
78957474
78957474
78957474
78957474
78957474
78957474
78957474
78957474
78957474
78957474
78972064
78972064
78972064
78972064
78972064
78972064
78972064
78972064
78972064
78972064
78972064
78972064
78972064
78972064
78972064
78975205
78987196
78987196
78987196
78987196
78987196
78987196
78987196
78987196
78987196
78987196
78987196
78987196
78987196
78987196
78987196
78987342
78987342
78987342
78987342
78987342
78987342
78987342
78987342
78987342
78987342
78987342
78987342
78987342
79032433
79033138
79033138
79033138
79033138
79033138
79033138
79033138
79033138
79033138
79033138
79033138
79033138
79033138
79033138
79033138
79033138
79033138
79033138
79033138
79033138
79033138
79033138
79033138
79033138
79033138
79033138
79033138
79033138
79033138
79033138
79033138
79033138
79033138
79033138
79033138
79033138
79033138
79033138
79033138
79033138
79033138
79033138
79033138
79033138
79033138
79033138
79033138
79033138
79033138
79037099
79037099
79037099
79044821
79044821
79044821
79044821
79044821
79048594
79048594
79048594
79048594
79048594
79048594
79048594
79048594
79048594
79048594
79048594
79048594
79048594
79048594
79083689
79083689
79083689
79083689
79083689
79083689
79083689
79083689
79083689
79083689
79083689
79083689
79083689
79083689
79083689
79083689
79083689
79092387
79092387
79092387
79092387
79092387
79092387
79092387
79092387
79092387
79092387
79092387
79092387
79092387
79092387
79092387
79092387
79092387
79092387
79092387
79092387
79092387
79092387
79092387
79092387
79094685
79094685
79094685
79094685
79094685
79094685
79094685
79104435
79104435
79104435
79104435
79104435
79104435
79104435
79104435
79104435
79104435
79104435
79104435
79104435
79104435
79104435
79104435
79104435
79104435
79104435
79104435
79104435
79119599
79119599
79119599
79133033
79133033
79133033
79133033
79133033
79133033
79133033
79181214
79181214
79181214
79181214
79181214
79181214
79181214
79181214
79181214
79181214
79181214
79181214
79181218
79181218
79181218
79181218
79181218
79181218
79181218
79181218
79181218
79181218
79181218
79182470
79182470
79182470
79182470
79182470
79182470
79182470
79182470
79182470
79182470
79182470
79217517
79217517
79217517
79217517
79217517
79217517
79217517
79217517
79217517
79217517
79217517
79217517
79217517
79217517
79217517
79217517
79217517
79217517
79217517
79217517
79217517
79217517
79217517
79217517
79217517
79217517
79217517
79230981
79230981
79230981
79230981
79230981
79230981
79230981
79230981
79230981
79230981
79230981
79230981
79230981
79230981
79230981
79230981
79230981
79230981
79230981
79230981
79230981
79230981
79230981
79230981
79235028
79235028
79261143
79261143
79261143
79261143
79261143
79261143
79261143
79261143
79268113
79268113
79268113
79268113
79268113
79268113
79268113
79268113
79268113
79268113
79268113
79268113
79268113
79268113
79268113
79268113
79268113
79268113
79268113
79268113
79268113
79268113
79268113
79268113
79268113
79268113
79268113
79268113
79268113
79268113
79268113
79268113
79268113
79268113
79268113
79268113
79268113
79268113
79268113
79268113
79268113
79268113
79268113
79268113
79268113
79268113
79268113
79268113
79268113
79268113
79268113
79278529
79278529
79278529
79278529
79278529
79278529
79278529
79278529
79278529
79278529
79278529
79278529
79278529
79278529
79278529
79278529
79305139
79305139
79305139
79305139
79305139
79305139
79305139
79305139
79305139
79305139
79305139
79337816
79337816
79337816
79337816
79337816
79337816
79337816
79337816
79337816
79337816
79337816
79337816
79337816
79347993
79347993
79347993
79350740
79350740
79350740
79350740
79350740
79350740
79350740
79350740
79350740
79350740
79350740
79350740
79350740
79350740
79350740
79350740
79350740
79350740
79350740
79350740
79350740
79350740
79350740
79350740
79350740
79350740
79350740
79353268
79353268
79353268
79353268
79353268
79353268
79353268
79353268
79353268
79353268
79353268
79353268
79353268
79353268
79353268
79353268
79353268
79353268
79353268
79353268
79353268
79353268
79353268
79353268
79353268
79353268
79353268
79353268
79353268
79353268
79353268
79353268
79353268
79353268
79353268
79366472
79366472
79366472
79366472
79366472
79366472
79366472
79366472
79366472
79366472
79366472
79366472
79366472
79366472
79366472
79366472
79366472
79366472
79366472
79366472
79366472
79366472
79366472
79366472
79366472
79366472
79366472
79366472
79366472
79366472
79366472
79366472
79366472
79366472
79366472
79366472
79366472
79366472
79366472
79366472
79366472
79366472
79366472
79376192
79376192
79376192
79376192
79376192
79376192
79376192
79376192
79376192
79376192
79376192
79376192
79376192
79376192
79376192
79376192
79376192
79376192
79376192
79376192
79376192
79376192
79376192
79376192
79376192
79376192
79376192
79376192
79376192
79376192
79376192
79376192
79376192
79405335
79405335
79405335
79405335
79405335
79405335
79405335
79405335
79405335
79405335
79405335
79405335
79405335
79405335
79405335
79405335
79405335
79405335
79405335
79412051
79412051
79412835
79412835
79412835
79412835
79412835
79412835
79412835
79412835
79412835
79412835
79412835
79412835
79412835
79412835
79412835
79412835
79412835
79412835
79412835
79412835
79412835
79412835
79412835
79412835
79412835
79412835
79412835
79412835
79412835
79420401
79420401
79420401
79420401
79420401
79420401
79420401
79420401
79420401
79420401
79420401
79420401
79420401
79420401
79420401
79420401
79420401
79420401
79420401
79420401
79420401
79420401
79420401
79420401
79420401
79420401
79420401
79420401
79420401
79420401
79420401
79420401
79420401
79420401
79420401
79420401
79420401
79420401
79420401
79423849
79423849
79423849
79423849
79423849
79423849
79423849
79423849
79423849
79423849
79423849
79423849
79423849
79423849
79423849
79423849
79423849
79423849
79423849
79423849
79423849
79423849
79423849
79423849
79423849
79423849
79423849
79423849
79423849
79423849
79423849
79423849
79423849
79423849
79423849
79423849
79423849
79423849
79423849
79423849
79423849
79423849
79423849
79423849
79423849
79423849
79423849
79423849
79423849
79423849
79423849
79423849
79423849
79423849
79423849
79423849
79423849
79423849
79423849
79423849
79423849
79423849
79423849
79423849
79423849
79423849
79423849
79423849
79423849
79423849
79423849
79423849
79423849
79423849
79423849
79423849
79423849
79423849
79479341
79479341
79479341
79479341
79505126
79505126
79505126
79505126
79505126
79505126
79505126
79505126
79506547
79506547
79506547
79506547
79506547
79506547
79506547
79506547
79506547
79506547
79506547
79506547
79506547
79506547
79506547
79506547
79506547
79506547
79506547
79506547
79506547
79506547
79506547
79506547
79506547
79506547
79506547
79506547
79506547
79506547
79506547
79506547
79506547
79506547
79506547
79506547
79516339
79516339
79516339
79516339
79516339
79516339
79516339
79516339
79516339
79516339
79516339
79516339
79516339
79516339
79516339
79516339
79516339
79516339
79516339
79516339
79517073
79517073
79517073
79517073
79517073
79517073
79517073
79517073
79517073
79517073
79517073
79517073
79517073
79517073
79517073
79517073
79517073
79517073
79517073
79517073
79517073
79517073
79517073
79517073
79517073
79517073
79517073
79517073
79517073
79517073
79517073
79517073
79517073
79517073
79517073
79517073
79517073
79517073
79517073
79517073
79517073
79517073
79517073
79517073
79517073
79517073
79517073
79517073
79517073
79517073
79517073
79517073
79517073
79517073
79517073
79517073
79517073
79517073
79517073
79517073
79517073
79517073
79517073
79517073
79517073
79517073
79517073
79517073
79517073
79517073
79517073
79517073
79517073
79517073
79517073
79517073
79517073
79517073
79517073
79517073
79517073
79517073
79517073
79517073
79517073
79517073
79517073
79517073
79533132
79533132
79533132
79533132
79533132
79533132
79533132
79533132
79533132
79533132
79533132
79533132
79533132
79533132
79533132
79533132
79533132
79533132
79533132
79533132
79533132
79533132
79533132
79533132
79533779
79533779
79533779
79533779
79533779
79533779
79533779
79533779
79533779
79533779
79533779
79533779
79533779
79533779
79533779
79533779
79533779
79533779
79533779
79533779
79533779
79533779
79533779
79533779
79533779
79533779
79533779
79533779
79533779
79533779
79533779
79533779
79533779
79533779
79533779
79533779
79533779
79533779
79533779
79533779
79533779
79533779
79533779
79541600
79541600
79541600
79541600
79541600
79541600
79541600
79541600
79545673
79545673
79545673
79560109
79560109
79560109
79560109
79560109
79560109
79560109
79560109
79560109
79560109
79560109
79560921
79560921
79560921
79560921
79560921
79560921
79560921
79560921
79560921
79560921
79560921
79560921
79560921
79560921
79560921
79560921
79560921
79560921
79560921
79560921
79560921
79560921
79560921
79560921
79560921
79560921
79560921
79560921
79560921
79560921
79560921
79560921
79560921
79560921
79560921
79560921
79562089
79562089
79562089
79562089
79562089
79562089
79562089
79562089
79562089
79562089
79562089
79562089
79562089
79562089
79562089
79562089
79562089
79562089
79562089
79562089
79562089
79562089
79562089
79562089
79562089
79562089
79562089
79562089
79562089
79562089
79562089
79562089
79562089
79562089
79562089
79562089
79562089
79569686
79569686
79569686
79569686
79569686
79569686
79569686
79569686
79569686
79569686
79569686
79569686
79569686
79569686
79569686
79569686
79569686
79569686
79569686
79569686
79569686
79569686
79569686
79569686
79609337
79646655
79646655
79646655
79646655
79646655
79646655
79646655
79646655
79646655
79646655
79653160
79653160
79653160
79653160
79653160
79653160
79653160
79653160
79653160
79653160
79653160
79653160
79653160
79653160
79653160
79653160
79653160
79653160
79653160
79665162
79665162
79665162
79665162
79665162
79665162
79665162
79665162
79665162
79665162
79665162
79665162
79665162
79665162
79665162
79665162
79665162
79665162
79665162
79665162
79665162
79665162
79665162
79665162
79665162
79665162
79665162
79665162
79665162
79665162
79665162
79665162
79665162
79665162
79665162
79665162
79665162
79665162
79665162
79665162
79670803
79670803
79670803
79670803
79670803
79670803
79670803
79670803
79670803
79670803
79670803
79670803
79670803
79670803
79670803
79670803
79670803
79670803
79670803
79670803
79670803
79670803
79670803
79670803
79670803
79670803
79670803
79670803
79670803
79670803
79677712
79677712
79677712
79677712
79677712
79677712
79677712
79677712
79677712
79677712
79677712
79677712
79677712
79677712
79677712
79677712
79677712
79677712
79677712
79677712
79677712
79677712
79677712
79677712
79677712
79677712
79677712
79677712
79677712
79677712
79677712
79677712
79677712
79677712
79677712
79677820
79677820
79677820
79677820
79677820
79677820
79677820
79677820
79677820
79677820
79677820
79677820
79677820
79677820
79677820
79677820
79677820
79677820
79677820
79677820
79677820
79681974
79681974
79681974
79681974
79681974
79681974
79681974
79681974
79681974
79681974
79681974
79681974
79681974
79681974
79681974
79681974
79681974
79681974
79681974
79681974
79681974
79681974
79681974
79681974
79681974
79681974
79681974
79681974
79681974
79681974
79681974
79687777
79687777
79687777
79687777
79687777
79687777
79687777
79687777
79687777
79687777
79687777
79687777
79687777
79687777
79687777
79687777
79687777
79687777
79687777
79687777
79687777
79687777
79687777
79687777
79687777
79687777
79687777
79687777
79687777
79688143
79688143
79689455
79689455
79689455
79689455
79689455
79689455
79689455
79689455
79689455
79689455
79689455
79689455
79689455
79689455
79689455
79689455
79689455
79689455
79689455
79689455
79689455
79689455
79689455
79689455
79689455
79689455
79689455
79689455
79689455
79689455
79689455
79695637
79709598
79709598
79709598
79709598
79709598
79709598
79709598
79709598
79709598
79709598
79720782
79721946
79721946
79721946
79721946
79721946
79721946
79721946
79721946
79721946
79721946
79721946
79721946
79721946
79721946
79721946
79721946
79721946
79721946
79721946
79721946
79721946
79721946
79721946
79721946
79721946
79721946
79721946
79721946
79721946
79721946
79721946
79721946
79721946
79721946
79721946
79721946
79721946
79721946
79721946
79721946
79721946
79721946
79721946
79721946
79721946
79721946
79721946
79721946
79721946
79721946
79721946
79721946
79727672
79727672
79727672
79727672
79727672
79727672
79727672
79727672
79727672
79727672
79727672
79727672
79727672
79727672
79727672
79727672
79727672
79727672
79727672
79727672
79731654
79731654
79731739
79731739
79731739
79731739
79731739
79731739
79731739
79731739
79731739
79731739
79731739
79731739
79731739
79731739
79731739
79731739
79731739
79731739
79731739
79731739
79731739
79731739
79764783
79782115
79782115
79782115
79782115
79782115
79782115
79782115
79789511
79789511
79789511
79789511
79789511
79789511
79789511
79789511
79789511
79789511
79789511
79789511
79789511
79789511
79789511
79789511
79789511
79789511
79789511
79789511
79789511
79789511
79789511
79789511
79789511
79789511
79789511
79789511
79789511
79789511
79789511
79789511
79789511
79789511
79789511
79789511
79789511
79789511
79789511
79789511
79789511
79789511
79789511
79789511
79789511
79789511
79789511
79789511
79789511
79789511
79789511
79789511
79789511
79789511
79789511
79789511
79789511
79789511
79789511
79789511
79789511
79789511
79789511
79789511
79789511
79789511
79789511
79789511
79789511
79789511
79789511
79789511
79789511
79789511
79789511
79789511
79789511
79789511
79789511
79789511
79789511
79789511
79824235
79824235
79824235
79824235
79824235
79824235
79824235
79824235
79824235
79824235
79824235
79824235
79824235
79824235
79824235
79824235
79824235
79824235
79824235
79824235
79833252
79833252
79833252
79833252
79833252
79833252
79833252
79833252
79833252
79833252
79833252
79833252
79833252
79833252
79833252
79833252
79833252
79833252
79833252
79833252
79833252
79833252
79833252
79833252
79833252
79833252
79833252
79833252
79833252
79833252
79833252
79833252
79833252
79833252
79833252
79833252
79833252
79833252
79833252
79833252
79833252
79833252
79833252
79833252
79833252
79833252
79833252
79913607
79913607
79914528
79914528
79914528
79914528
79914528
79914528
79914528
79914528
79914528
79914528
79914528
79914528
79914528
79914528
79914528
79914528
79914528
79914528
79914528
79914528
79914528
79914528
79914528
79914528
79914528
79914528
79914528
79914528
79914528
79914528
79914528
79914528
79914528
79914528
79914528
79916167
79916167
79916167
79916167
79916167
79916167
79916167
79916167
79916167
79916167
79916167
79916167
79916167
79916167
79916167
79916167
79916167
79916167
79916167
79916167
79916167
79916167
79916167
79916167
79916167
79916167
79916167
79916167
79916167
79916167
79916167
79916167
79916167
79916167
79916167
79962953
79962953
79962953
79962953
79962953
79962953
79986467
79986467
79986467
79986467
79986467
79986467
79986467
79986467
79986467
79986467
79986467
79986467
79986467
79986467
79986467
79986467
79986467
79986467
79994324
79994324
79994324
79994324
79994324
79997938
79997938
79997938
79997938
80004038
80004038
80004038
80004038
80004038
80004038
80004038
80004038
80004038
80004038
80004038
80004038
80004038
80004038
80004038
80004038
80004038
80004038
80004038
80004038
80004038
80004038
80004038
80004038
80004038
80004038
80004038
80004038
80004038
80004038
80004038
80004038
80065446
80123006
80123006
80123006
80123006
80123006
80123006
80123006
80123006
80123006
80123006
80123006
80123006
80123006
80123006
80123006
80123006
80123006
80123006
80160392
80160392
80160392
80170770
80170770
80170770
80170770
80170770
80170770
80170770
80170770
80170770
80176058
80176058
80176058
80176058
80182892
80182892
80182892
80182892
80182892
80182892
80182892
80182892
80182892
80182892
80182892
80182892
80182892
80182892
80182892
80182892
80182892
80182892
80182892
80182892
80182892
80182892
80182892
80182892
80182892
80182892
80182892
80182892
80182892
80182892
80182892
80182892
80182892
80182892
80182892
80182892
80182892
80182892
80182892
80182892
80182892
80182892
80182892
80184833
80194701
80194701
80194701
80194701
80194701
80194701
80194701
80194701
80194701
80194701
80194701
80194701
80194701
80194701
80194701
80194701
80194701
80194701
80194701
80194701
80194701
80194701
80194701
80194701
80194701
80194701
80194701
80194701
80194701
80211643
80211643
80211643
80211643
80211643
80211643
80211643
80211643
80211643
80211643
80211643
80211643
80211643
80211643
80211643
80211643
80211643
80211643
80211643
80211643
80211643
80211643
80211643
80211643
80211643
80211643
80211643
80211643
80211643
80211643
80211643
80226084
80226084
80226084
80226084
80226084
80226084
80226084
80226084
80226084
80226084
80226084
80226084
80226084
80226084
80226084
80226084
80226084
80226084
80226084
80226084
80226084
80235831
80235831
80235831
80235831
80235831
80235831
80235831
80235831
80235831
80235831
80235831
80235831
80235831
80235831
80235831
80235831
80235831
80235831
80235831
80235831
80235831
80235831
80235831
80289029
80289029
80289029
80289029
80289029
80289029
80289029
80289029
80289029
80289029
80289029
80289029
80289029
80289029
80289029
80289029
80289029
80289029
80289029
80289029
80327308
80327308
80327308
80327308
80327308
80327308
80327308
80327308
80327308
80327308
80327308
80327308
80327308
80327308
80327308
80327308
80327308
80327308
80327308
80327308
80327308
80327308
80327308
80352304
80366196
80366196
80366196
80366196
80366196
80366196
80366196
80366196
80366196
80366196
80366196
80366196
80366196
80366196
80366196
80366196
80366196
80366196
80366196
80423292
80423292
80423292
80423292
80423292
80423292
80423292
80423292
80433253
80433253
80433253
80433253
80433253
80433253
80433253
80449845
80449845
80449845
80449845
80449845
80449845
80449845
80449845
80449845
80449845
80449845
80449845
80449845
80449845
80456900
80456900
80456900
80456900
80456900
80456900
80456900
80456900
80456900
80470059
80470059
80470059
80470059
80470059
80470059
80470059
80470059
80470059
80470059
80470059
80470059
80470059
80499840
80499840
80499840
80499840
80499840
80499840
80499840
80499840
80499840
80499840
80499840
80499840
80510657
80556538
80579322
80587877
80587877
80619696
80619696
80619696
80619696
80619696
80619696
80620910
80620910
80700317
80700317
80733348
80733348
80779520
80779520
80782041
80821272
80871875
