100
80 45
6955349815
3798527871
8671315673
7933121636
8157148155
3423532315
8939925183
9632475991
6914794179
1743776716
9673152147
3534759232
2778776539
4151776415
3263319769
1223775943
6859579491
7323855141
1131359686
9795715626
7655319425
8547165553
5541523435
8519619594
3722323559
9435127114
1147168119
9698316953
7451631912
5199326341
9695631141
9877831183
8752637191
5728239737
5337819443
5958432339
3191772447
5964993996
3749845137
2978776199
8923435533
9536123453
4945615359
1265951891
2735413741
5241594739
2551182599
6519813653
9476457313
9215872353
7437247939
9629919721
5764921331
2735399649
9493414375
8535417158
7332241959
2329958977
9352283591
4871999411
5387926573
7391883185
1853719122
5413527581
1511488913
7649991983
7159978944
9738772291
3497188791
7418523719
9153283589
3734151186
1528275353
8615554517
4417994311
3885185179
7921455358
4533957425
2175318185
7741714743
2947557385
9884973571
6727177277
6675479357
6713633356
7715723443
8923756971
8531833257
4746919939
2333727325
5299851974
9374458199
9686713951
6579929989
8655319875
9788371934
9575774348
3867155965
9159969188
9559843592
