100
85 94
8113715981
3133436171
7357683155
1729169593
5439383717
3438151393
9711372158
1757941217
8399578539
2979585593
8497175717
9318471537
5759549747
1312397853
3127375747
2179797787
3567757152
3519376639
1831719947
3197715429
5893515132
1911532378
3573951427
1141172377
4937341159
1219115835
4773339749
7945495139
4794551973
3913638517
7493315617
5895635797
3279615375
7969959435
6535539835
1965479717
5998145337
3259371789
2757815195
3975947183
3576363555
7172791141
7771257383
1783343113
1891943791
5213211739
5137691699
4375313749
9179911643
5857517363
5865597791
1215995789
3521151974
7918563535
8797217395
5153836715
3532981959
5553175629
3525735635
4937911541
3151833415
4393554515
9371341835
8333145595
3579928579
7571499637
9186157177
5171873639
5537419176
6375957512
5729171778
7811979772
3259999123
3396537718
7553952963
5137879996
5925435517
7348793111
8921571173
1973377423
3399178815
3749177347
5334145173
5163979655
9595164115
2341115373
1586995391
7161712797
9148195933
5133978891
9171113728
1555785723
1555925976
3341923579
1379665597
1235237333
3715613358
6167155579
3677959477
7736131978
