100
82 99
799979354239119337748865951749793952373939551123593325538631921677591373999799759545913571179933957
375555545871599513799477971993113896395731477133379145138915789759967415531519129949956197715334117
377373911571714951731131326397452978733594555791373564759111971991594573379725113729573953933598852
351633573817511312511471931995355577835197998569325757851127795735997735395925351191597783553544954
179996271195591537735527785769575375397775515974914737545437193392535574377949575357727255518975777
571212593511127375387157756375711171195336975175591156381325727551397195835343379151512969935979747
191918311511385339852771389277397571533999916771336799273599335515952313398597398854577391971997716
797977161113592333935723317935123776739697657319115371775131435313751315212775554157112923757796671
735193973937359372599159537237171933951346873167573251779515316175351196115215355973394776581361817
415733979339513719391485995615733831393413993367891957773933852513459795555911777394539114977546395
571333331599514139415512637114173311335717373527383379313311177935192177775119339278356592495794383
915994133784699315345597915513159141734216773955197999343757111965537774991415193175957413579319495
757471911779655887243721957759331151166156199979941739971973397757318779974575593357339771367633139
157987475556317493754197571333351918759175975991853377539137711765577731643331127556787195494737775
973339783599537355598189761391334873373353364937994839513311731423319518172551518971577355199539737
399573919953817389529915596395335239799537517536317311425725955771156553976416317357129112397113911
919739955873757559785127997795537135197177489993195554989597283617315119199391778919299799149692191
357573347189721332357337716711117375633957345774191633357326573757555755357517773715773912681767913
573535513516337438793593354555731551197376999839344371797991955718158874193979573532137779317639671
691373778545315355939515178174995955529751773333152977919139235297111595514251733652717371762313173
117339317769393878479522999214589731237559595771751537199639111353772541729575757375495575535751535
793915935773925196577917497739933734795353153915995599435198177542343332515744932791999553796727515
219319121369193751739797113373933517354792513357732468917353197723111878235527393977717739951578551
951272389957117193296549173513987257754191317398559469118336935979351911491999779595393793537775335
439879734574413839577575973197355397975615591359191357325913914316991113535117325211557439299771251
387235595125997918173557899945137157115112153398915933754191115929325739911535315313546931579377164
533967376173972935451456175135311655971941771971617312379713177795993277955559559793465213995575323
316993778331473533433957875549666933113955173592837519315571535531155493534717131918115919767717553
795781359775595733167379195593533577171938196954137319112761371733327525191125974277314161158137595
258139781177291393517133777155153551979735176853348729233979851711319129111315933513138972939497571
553331415745251157398553631257455575273513477158133591934999393559511379528963195957751113563179591
715939945277333746767495773729192277973793153679595536997555773739976557891729151393517973993189137
765733711363655139158534493369771339793337974897573585939727935291153131799331332174193111747553351
583193617933133571587179581371113975171115556398978135977954975965757827955781158911974113755631195
937197919395117371313512737727893751328517945333939713512915671535728533398711516761557369194513957
453339135973945159697359533173349256373113468151737945915141257323333751193596591597939679195159911
758742355943333535639933999719958797211333359317815934513377399371479737717875515939783349115443375
763336319119754991385145759943598175837539568975173339653159119757195999123193514971193529357551121
332973517599935135958328291714397331175199518879178131679119189553347977171195577153525332373477397
825733351153529324557891494197575935359173651533155575757179499339695753295533477373399399927331176
453731777759339635786153175131993995431527555377337371754875831171325161113697377853193357363975361
249711399212125115377556575197343931336737597983152139951933732595737955517931971958613195558999123
995915399131575993585733959519741557453914712937259518357791715112678373159353363554535893591618517
975995877517978936917777951737215979759339717915199355893133452653191762397759547349729991493739992
141718753339639479574319575137213919399795897196159695775499531399691167213975713976581315177551977
911595595491539253869679925384317551551515935519575141577396452917371793517115971193331524341193731
919791193399775253897563392699925976911316917397117895551713691363553134779594777731161151295317331
697797593921819129259413139593311391375174665799415773839813779931773399595576945557353117111375811
381923714151173575343814197573451245973111711983757793117115878513591753556133923137811319537517197
353739417935736147554537245317175735499173339695431735339255771363115557394891333415179373973547311
665578771731195999717515119359948154397853669789153113915371747137334599773921733554295353517795913
313966434157935757115338718114373997533117611551359338919177712195955713146711116949377136373555751
399345371419367777291597555971377117465329519591753155999113421917997745574977183774933527311491311
753451577335751379537591791553195158658185133375513554931475557543974391133121973541147392193732121
379325111975764719761333111511811357113314956915119371771593739593219912739459541291723175793925235
773355375471592797993477952197331797635497159331195779294929479337515117879717351543537575917521267
571193791279985939179513159112393561595976539919453351391515175518734238631979799765575217236957577
376993756195977997653597747195577135769953737637372513193931551135983991194529156537733337829325565
155699123455181337737778971353616833539161691551743933911119795199695972597979155759553999378917518
175398317233737579759549947357532611579916995577271323535715233958325377773753577974771459729379913
971757591933533743573767717598351277952131473731512111972951777589567215976132911799191117551272571
793334613933741587711273999529537343691915479933159519773738994817793953513719715578536331914757511
159779773773515979382179343511537983655784735957178593989577133634313619555916591776911377133775473
983995555597979135217599957153379973327292929732271892717512333599995379619177675153995193548119571
331119991521535875153723731719545995951531499999121121759475792683179755234557571377915377917218531
719955735939357683572336791753143235459715375591673131399193919321167775639399935481999561517993778
397985751356193191239917937319551569665773235537693175971413757911875718157243317311667373953755311
975756599171914375537173657267333911789972286199145158599575743333775713373791911537993767517335167
699751975583321829373391355757918975338581213699613591331175754197797595333739679279151553143737799
537617728118753519533316993943837799757917579995543399965731155925978357797977577151995178595525294
933111113533314767677765138199535839774139978916137319971168931133911157559799511173557899318784515
335127135364337315474753993977459463397427119453336129197115737793979115175198117157795731152913773
997989555133391672779393891719793877731731754339986977515915771745178353125316831951934393617195791
523951633576599721711459397152355795733195512411157915831261113311539356959817319934137911173657717
376477995543331399793575316673971587449572151615935913531117553791997173571519169639739897125655575
735782175339117113213359375953333197459568573591357973836553134313421259599389736331733939371975718
319639597586932291191773935313137158338177959199777299171991393591564625737157177487191175359219795
674311511286357577315793557589853312611219971135757517975358737137593351779345511524153595171351532
478793959774878523314795175957974597359397771977519454977353192996785191979583357199391198595991571
397761719551765157934239989311869215393595117777711949151956389219719171578721938935597175193397337
913575337157951377793398771724991943953746999534941744951777139753961172739729359172153938957575191
891393315159739577331919267773377789199155172956333337599891573337113835718593142431873331551918985
199515933557965557986999513577152374971535763757117437774539793314138839513795819533785283119951931
451379335799379245556745553392973595135631553513799679131369914132773557773395151111363395598859767
913391957133199141635378725319611798793213977393911157335583363139531191535318313497417272112551197
895975199733957986638133277943135633317996757892927933759517733913353995595295157932275535397775555
331717894171913573999135975973465972937371353115971962557595937336772517193552614694517135913573798
112955987657113643191723119271515994755999453111917733331497433451171914195757791797579953237237177
691535725239551931153394574796795774813157155134715553747857571139655795195177371593771722775514997
196187183194171497545875751793315612853657539134719719717713959377335352373932751743175553599399311
139547996799957815514913911985951559981417977995388187397716915135125477399175531579195215937871553
391155973228117373112483915518711517771771731731511874355973516538718965317337252553977373535333375
691595279217151957939775737197817579455119376925749445177431777718153397695777597137174957819175975
533779671295751957113611339586147377917241399799837993597735331541799733724731453515934339611717151
917134973155731127951515737821916147185398869889999991977951315991715285277519937777513571197391515
691795155551612539153537687869641558937353533545139567397476953137537151719355337913195951911617959
533939561451715899339575759359179493991366597616731717969859775118723333939727915518538359717593711
873679779991975399737453577471516577651915339379347597177753243134381418117395999559133825551117159
138233197953337185753997347655379851395991975715551163991733595383389497379315185695776991525352571
539691557873337398137941711597154715397713553846515744199751973771339837321739117333733777149627771
