99 100 10 20
100
247655 818732 293993 559974 127595 688810 823673 845055 508730 256095 558245 30705 147694 222948 559873 928353 934474 520760 380741 526756 155644 723143 531640 183737 284679 176135 901149 821529 427210 386607 224417 255255 953787 909373 707626 707445 884112 79172 813595 827153 55053 505183 161717 914655 846017 909176 333077 238776 515399 350654 792728 623002 482161 905455 708870 968316 735694 19381 757930 807480 126604 753386 861359 476207 41954 256079 373702 421365 274453 703732 439836 168432 894563 723017 435107 983583 814910 108467 148116 671546 551719 725528 348071 80107 178256 458520 922353 976528 888154 56430 873477 695048 846520 931204 483414 580810 835719 947925 258298 332131
11701 726709 130751 305022 512817 548652 473924 934695 860471 161153 4625 230978 355616 501142 346597 357088 341732 831917 644404 692743 680395 542749 654407 555936 374302 883767 166045 751563 830340 33398 444896 613051 287807 751767 404997 178978 80650 327809 562330 92360 530716 65161 252293 763209 323753 846098 665130 979634 534543 171889 574088 179031 300692 920401 968674 172294 415693 491165 471949 238765 257737 582458 400841 817048 465943 36229 490215 467389 707209 610388 59754 580243 213501 262271 776516 377564 650277 186912 410005 320611 667212 872782 83092 23123 159201 668324 334004 231437 352602 68804 163363 371391 14273 56575 749906 511759 506626 751896 278859 587763
26358 83577 150484 877747 507156 475948 23605 575454 16194 623359 113430 884323 645883 221024 361447 20202 630847 408876 206049 71792 799588 749304 909133 651558 894842 736414 544567 491728 318506 228391 987000 488992 51118 953398 951718 329868 331975 640579 82119 831363 274596 525379 507916 431466 343840 564232 816430 677414 593155 294571 430311 816179 840796 585300 464216 690903 201993 201055 63728 212481 495905 326029 201037 479897 441286 908657 491377 70682 789554 206506 110757 376529 269580 824641 643866 104852 141933 540660 8490 712616 874732 711606 688114 301185 856647 601227 859435 180058 819183 971110 551742 649374 730604 404671 498872 314605 610480 352671 426979 88717
45481 628680 423791 991775 83000 295046 491832 518468 334858 10226 758178 818666 219468 406254 603703 763463 150922 392511 720893 43648 965957 668831 382919 111512 897092 46232 762220 320223 848038 58609 807452 788522 321728 741976 975152 501517 641423 281402 538704 271936 379350 591035 817825 331128 433964 803426 844165 394775 783404 244164 476873 297258 993624 555821 358829 193777 992224 920226 827604 388451 105037 664838 386625 321379 990419 638575 188688 549897 506820 917078 37966 118797 827055 716674 528228 220402 642676 294279 580382 334976 631261 486327 311491 113282 170074 36761 597342 628697 87033 509805 482318 731875 558938 482320 260757 613439 313288 874771 424527 30856
799868 458064 592570 134479 486267 774338 251411 323206 353746 733278 272970 917810 285884 195142 104596 617208 827071 607168 659376 685007 783312 748948 266717 338357 156218 499854 230990 359853 25239 848449 508984 952711 33974 618821 314636 476328 455785 356493 982267 704243 677531 526954 9139 248983 464283 951684 179015 406596 706088 225534 281651 727422 164213 527889 102625 433885 761397 22576 780715 519849 149840 560513 708888 396422 727279 705582 951940 350866 215546 227800 687163 241922 436278 673045 477236 928757 677899 635185 27271 606817 537992 630432 849098 623131 919245 66184 226186 162635 563802 429704 411850 511577 641187 82095 770292 96778 747337 473287 234619 824515
210887 314057 584453 380553 989888 188583 204785 247175 912089 252809 62353 555595 129097 7569 590270 815168 817238 226198 902483 877144 858591 927100 314942 797353 959585 973902 624189 469145 17519 441090 92544 649669 886342 330760 482697 1700 740977 822125 884083 79778 744350 911703 882794 255680 585459 13956 509526 597520 780975 35296 868148 718917 945608 649326 943845 890282 636934 976466 761036 254645 618304 502643 450025 335255 628369 501259 14323 277879 954182 577707 170739 969356 16123 577918 189335 271097 900753 544808 556269 552334 19485 729120 90906 932214 201680 969070 169279 275762 717375 636271 745614 227744 478063 283326 32043 804875 951723 769057 826911 509418
44961 678472 378811 644766 14823 144839 325074 982510 619802 802322 147145 369922 241236 990833 24347 415734 587278 910311 827009 594613 819437 699817 550213 848150 26603 56069 858287 915491 836549 810055 232205 702629 135668 357629 355252 619811 675250 777970 603645 813391 403090 345774 483564 832017 875958 160353 352816 848174 189783 904716 583407 188008 646894 908256 974263 817290 506249 639895 315882 801906 119049 167023 543449 872853 742564 804739 648064 538802 344073 24643 911711 413059 506547 888169 620976 381152 548833 233404 349348 906089 516265 93510 48302 411997 770466 217822 798883 817128 522980 2845 522095 265717 225049 726419 198126 365729 750578 129536 599183 258574
658048 945038 293906 926313 118292 681891 576219 647790 148016 827548 887763 221517 528017 795941 404448 912098 318386 621222 551807 646225 130694 292424 553547 90483 142618 170047 973890 555438 953564 83895 239541 651077 640917 588232 775615 366610 875725 719385 596914 789171 106306 785653 823640 618398 967244 339209 793905 516123 506577 17280 396580 681368 822158 212670 157396 800351 461943 503266 984838 454173 806731 420852 148034 691981 87862 457298 133201 583939 515998 532311 428884 471873 200258 193316 315143 63478 194674 500437 103029 869415 202571 75467 988557 43135 154455 737292 108548 398704 437291 726364 555678 744708 991855 691067 536273 104225 387401 220426 923565 202287
521299 530724 3916 913949 799210 651453 135523 54858 638553 879002 540155 171959 719106 121287 644357 299003 689882 987984 961487 327810 405442 253770 479961 396786 950701 346548 637097 115875 760241 568918 58980 725176 756015 835633 613354 148194 993355 598170 103892 868322 38653 602501 183523 395378 980090 826020 667042 860267 160152 788390 72182 775475 25059 156692 673572 721642 742211 743262 617994 984116 848275 895924 982384 320106 880779 778373 314007 666 394066 215142 801177 176281 364774 833934 556786 269517 611292 370898 908348 680857 31553 214620 746014 802820 635411 140605 97730 305889 756778 328503 667717 224215 60255 469960 625505 547453 911554 797611 639339 406369
318031 657904 449734 869086 689035 87016 174445 925165 563327 836876 279134 708600 42579 304602 771559 113651 119870 381745 785153 981947 613251 657518 11413 545483 906961 841130 72220 542865 141779 466341 431875 405567 885243 453747 166257 672620 147196 679016 490346 543687 313447 356201 965569 249443 362632 960978 852547 656346 536635 277264 819247 589452 229109 770895 138227 525102 159421 280113 234890 378217 493836 935123 66586 164617 312251 980840 839727 638031 370886 997117 309225 539447 933718 940838 989629 662425 50999 705071 262089 304654 928080 954751 758932 929173 738139 55219 47210 757590 395342 568262 78547 657454 918184 879717 787097 17917 700266 17236 174215 536347
683608 56917 692265 490661 762440 357370 645700 483900 99134 383235 979085 924477 626430 516981 374179 453823 605092 560362 45683 988338 808788 483118 15375 302956 891966 736328 562804 596831 751135 578387 96358 283694 217963 312592 861309 467550 169662 414749 189973 987407 137508 167667 767478 851789 264194 719946 549491 537886 483580 399728 792834 933670 755460 107035 133185 685069 460895 766487 898426 956955 800431 817066 51610 286960 797031 281198 312293 969079 575490 358492 81781 659699 299327 59239 297042 1781 705692 556097 653877 406058 584241 746771 438310 544492 440640 749367 940299 862808 502019 937410 11568 615456 144758 967187 140933 16268 865737 322232 727456 723812
807728 247523 349534 573478 371615 690038 870255 714402 68693 169308 762665 28801 455001 884966 50006 413358 965852 739380 26913 864563 378536 293634 683042 4478 135260 792520 697490 132976 865226 186103 370821 45469 157369 331214 435199 755203 680494 26838 19760 626000 460551 553189 750611 508643 815863 201007 169357 657705 928040 555417 712390 967772 166144 877575 588541 778116 689310 761431 464749 365901 948100 374360 961561 958201 709160 623347 57001 266811 112411 490442 899552 817642 336416 344320 947764 84911 247781 180305 131294 2244 21551 95187 847611 434791 767694 655714 67619 230177 232975 429677 51000 583186 912214 885281 863522 424972 316269 850997 55050 913816
123645 969422 449294 599463 28331 50550 131134 12004 737078 899967 165002 714230 67523 260476 901816 44225 884950 30837 622786 916797 779743 99554 769794 949549 26448 82525 310720 533444 934110 713806 850532 880311 189047 862343 31709 32682 476882 649346 842825 264990 263258 647528 871958 235870 31298 45361 17442 978154 277112 145251 886697 204955 91175 284298 198523 597316 45394 129161 660867 674056 947583 824800 93884 75913 653540 20657 433565 272350 802153 882980 986443 19472 783821 249634 438753 161508 748632 786972 189633 537011 423967 529084 96096 752246 547622 743490 996397 626939 312886 837891 481662 302169 410058 686847 223578 240400 748153 410889 223393 676627
738928 874346 89743 496330 937459 504413 460601 433941 90187 988546 219254 953341 5413 112233 396282 971933 378830 821822 749230 369642 637878 405110 543394 994473 609903 7428 285175 45404 230826 631171 326038 907616 177178 631554 102439 777390 524226 285711 852404 590723 973691 277840 688753 908664 555443 807647 113455 890516 975687 129304 552412 32480 716241 999630 967246 187521 86177 738903 339573 402379 110164 432431 172692 755198 277013 630020 96229 270389 250347 132449 610242 932195 507629 778477 58662 604639 240433 622025 35314 876016 950260 152795 305739 580958 652207 404701 298793 304216 487065 209279 806424 121478 637982 707565 961786 240165 101517 438146 424144 506666
959036 842588 666695 599527 397199 812229 612291 935926 680162 253303 681219 46070 823932 331285 543106 905431 350605 836881 710201 73461 589018 632943 293369 875772 398181 619930 624066 95534 746292 238360 692252 135784 634629 617693 267823 359587 483453 175765 828074 679563 37842 591821 893769 68920 649486 878816 977006 721901 890588 936797 352500 253902 756794 748822 416891 651559 828572 342588 193044 480877 964359 803766 109147 557784 54787 530106 587393 340453 842567 486847 745057 348015 283127 502256 707877 273909 885991 676151 332696 401393 675372 626281 688539 566049 5864 72041 452615 24642 725366 698802 303842 879632 742166 667249 61690 850671 119170 297143 187516 446356
590011 554706 892107 11386 836441 640114 545804 535795 732697 463804 407322 166430 280399 139713 563533 712343 728942 921717 441017 675662 792585 634272 14456 78080 11397 186511 595761 452718 917957 157939 964391 362770 367460 461020 184286 672196 504 555463 916825 153250 359697 675149 556824 447704 119040 625792 797920 92321 229373 580525 331422 582411 580600 816289 482005 52795 396570 904919 80508 952478 833001 21011 180329 910485 440535 10550 289563 888870 49330 873322 328100 937079 912986 476494 621364 147499 71307 809537 304434 506322 577647 941811 41254 174777 470869 298414 239361 552500 434555 276894 906704 144845 799696 767218 914975 718728 655605 919825 511038 396532
686247 104145 102363 123466 981415 174200 760324 234568 453872 198026 311620 996164 202444 189611 882329 733587 67593 34196 159522 241520 315897 657236 352850 623374 567234 412686 398067 64743 639985 139975 424251 66625 50339 556632 263954 536886 780249 217062 224585 19397 961545 828670 973391 144559 390164 289418 580307 60754 124283 899228 920851 38373 646226 60692 608779 413111 378967 556344 447088 105440 149721 873513 989166 537370 190399 232819 647264 914803 28161 775397 354402 159253 897587 869192 515414 490251 718915 312157 175281 479908 990003 715389 582650 949528 460222 83761 232992 445917 331545 483969 882395 920749 52695 679816 472536 828993 494924 769303 327727 348026
789738 426626 389704 253137 317105 60745 573761 958062 774935 824031 352975 747377 952193 140935 250013 912186 303276 514370 721672 401429 153966 860646 419140 784439 474492 263945 698571 146608 819255 631081 987861 274588 418843 495444 976381 733416 568917 949702 445171 149224 315283 939906 578553 481685 764775 474002 148856 117320 894031 390133 771713 639856 249723 18178 220705 366829 410756 400688 92460 575316 943979 886449 479148 248615 219298 527120 743431 869483 17762 16090 894617 961699 457292 113214 200164 80349 718776 110509 903061 337957 368992 847000 120261 507001 291532 858359 183265 180969 47899 8813 676381 486542 156671 808513 461345 160383 985944 197971 102756 999808
240501 345949 259082 483071 359976 547873 952483 673610 312900 290444 471198 68669 942694 672618 940418 178290 338489 333410 637638 777867 526373 440558 120829 685419 376917 863655 187860 880253 870562 319216 721919 756006 191786 850137 607381 228915 465129 302107 958236 178441 920122 914355 308152 299808 549308 748198 854353 792021 156876 777026 239155 323287 462529 545577 946968 989097 896580 633244 384740 691982 181697 765311 743978 903025 754306 280497 270427 955751 875375 486412 977854 525687 785874 617767 214871 870943 652181 766935 326312 570385 324775 67501 847628 437714 615763 736554 686495 819952 235452 486574 851915 206610 136142 454957 469455 703560 758795 966230 66916 19028
136706 138833 1529 349080 741166 180893 418065 146990 391493 555997 446611 638854 546282 821882 705731 154849 764103 512807 318239 923476 940845 950193 87668 262647 806408 63047 555370 95141 755649 262769 591031 111909 748180 114775 802740 921500 270149 858469 858295 674815 602628 915460 946282 28997 980250 982510 350134 779497 965144 92868 975283 669134 395116 274412 216142 451225 84179 31048 496058 575887 624378 39952 361065 350927 585609 669540 380286 212376 557445 257368 623021 222112 159607 967691 625285 725004 8646 822317 683069 265194 300053 705706 276031 627392 804955 83144 460963 715936 957572 48424 381887 588188 143688 158296 829566 52852 536255 358628 744140 302471
302076 874762 894332 772825 456883 37624 823733 777672 513836 430247 721863 922526 609898 412242 264100 75629 124172 3261 318001 129821 273508 299308 881064 767854 347808 579824 364277 327998 18575 545405 33833 713223 681658 540146 448360 983244 349766 880545 905335 939854 147683 177734 991724 39704 43362 590671 17588 873084 102058 584256 579707 759593 787444 370288 996302 348781 763648 273455 121891 662975 698009 239641 162797 403157 204798 493149 532810 654928 778296 581116 198058 640540 213562 993049 907780 798558 832304 792419 623212 453874 165341 87216 171874 281475 343225 225784 460390 594957 224598 808779 143114 359053 83333 808177 391924 541007 757204 28443 743651 739731
802905 181613 56331 130198 905125 837258 936700 453903 515443 260935 727015 223283 689969 172872 577212 620972 914876 419195 819580 181443 320421 277959 447017 925923 831051 379747 378325 840687 334336 699052 929393 375348 596991 411669 788961 531847 616864 457665 130608 346104 704895 564093 100435 104576 490555 815944 712487 261130 795604 862327 464420 155147 88874 7073 247259 710906 328953 514809 131543 251018 916899 246443 1032 92258 114577 524510 34234 616664 749460 58139 426620 348984 696926 562204 395307 817521 258562 736678 197731 82750 366505 953335 448437 544991 457029 169472 414691 764397 876985 413754 95908 752589 122400 704325 296294 672380 775244 595147 985314 446487
531520 636436 420627 261789 543323 291871 459178 444792 955359 686652 502753 165066 81532 941991 880698 821948 842716 820512 455820 824787 301784 231288 918406 541693 174467 656411 738315 804526 364870 43203 604755 688171 508892 62839 29913 865150 566469 309938 91650 672860 811369 435187 335202 66923 56620 193504 164395 615832 592065 4484 347381 710175 657098 58140 728020 713395 192487 524923 887179 417099 775097 235364 700912 437469 833471 160968 901811 820127 757430 912895 349522 948537 50329 829109 144966 768183 185406 851381 655522 458985 690397 667743 774193 512123 751920 592695 96690 916380 552539 969416 715432 40500 835268 328075 431607 827213 230921 306935 167778 614731
42010 98241 21275 226875 40814 942106 436774 127868 549984 963714 896466 595356 361487 730633 744533 321898 466848 89870 278653 934965 600329 538983 531879 472877 951158 835814 413949 599923 618435 762443 868822 243827 382642 583691 729527 458591 427094 81811 769832 979292 295407 267388 74043 351380 477141 783203 571409 461859 891498 737576 894601 478091 996508 632883 207205 210943 153808 228803 341021 324063 316683 190416 738310 657229 128094 622043 440080 206961 410643 768475 529365 218672 247747 836090 746404 935019 840628 877329 631751 591794 610270 113885 846482 104821 24293 917283 73005 639766 677388 963224 99892 292853 698998 712840 78340 339120 133215 828135 703379 926085
43486 692134 836592 660576 632172 898888 105932 238448 593946 356508 300385 978642 16273 388517 240117 693463 127042 130496 519247 970720 346021 874713 535825 254700 123126 277331 528150 47540 978272 463466 983337 364478 846867 88651 878796 575172 675325 274867 97697 116576 842762 407146 686563 487821 53157 242272 774181 579999 760580 305166 987637 961895 718234 321343 509169 676745 638532 908517 550855 936717 553787 491698 979116 173123 474579 642613 775329 111745 152596 940950 899579 599785 37433 977829 396680 612956 726093 746734 401695 70655 782484 857338 780668 68467 775157 699163 437747 774882 699392 274605 614851 91823 708927 911215 158555 732674 105512 690896 327202 532843
496028 287209 319116 857255 855613 255917 323280 94402 755988 629172 656931 225329 446939 517066 709700 744872 127123 503457 81097 321495 182811 237701 822760 336549 849141 356480 504980 185965 685105 354168 966357 90842 645843 656336 81112 324449 184366 464517 739677 471722 277733 841773 90409 718190 887588 493194 69579 844831 259880 865527 382200 737876 752383 416740 436447 755250 59047 665794 174279 175801 561859 474662 514470 571923 412947 641063 116717 311941 271885 838208 465093 178121 283723 533500 884503 31860 984199 975549 67011 339339 722949 172291 429123 86670 346095 327815 101488 656625 615783 693278 611052 181209 908112 801117 6016 548318 494231 266705 459413 431661
713194 213103 912042 968567 469247 987763 277941 402429 279693 963971 708837 80850 869279 809018 942314 679486 318576 154399 502492 127153 314068 32084 462458 921086 391376 305628 62113 504038 164670 576008 610513 174868 501003 137299 898508 608847 573543 206374 224295 131393 932180 721425 668745 488622 525650 484842 139738 675748 45234 667011 106923 342672 571615 507088 829663 141782 441699 207045 688367 364569 387158 215462 505994 645722 774416 446275 706791 671438 556576 52727 588896 332338 250807 201559 533307 639879 454445 102607 590119 668416 779185 48284 979021 9185 653713 386671 491313 677448 174457 690196 114643 128388 326366 485560 189707 638402 10588 172707 676606 848175
752004 536934 432921 917692 881973 341300 624594 584023 332339 223387 434624 33619 375069 228560 502757 513 311060 595667 884775 6708 8695 356357 684807 71346 646286 631816 916595 951403 587382 975691 928509 490443 503468 512539 489157 772865 665619 792094 449733 924737 259874 8453 988004 320350 55489 413494 951271 394300 276534 37809 62801 261550 124062 73606 127541 139978 278428 725808 124592 889428 106871 373176 146118 680951 817276 877367 57803 53849 564809 671831 143939 821941 69817 155866 242139 505372 647593 755967 439402 324197 861809 14043 664074 302655 262194 206948 932871 174250 195395 247330 884976 154519 565350 308093 865737 223327 261669 355749 226874 617486
446623 722964 410630 207947 634304 14280 454824 473796 6981 583078 87167 810938 330285 494354 495407 73442 484766 935930 264188 683340 512072 283579 21724 773862 731494 190312 581149 591080 718186 340575 736509 756250 297626 750959 265516 253539 203019 766764 907589 925637 673683 92189 504583 601981 135947 352019 605465 597442 506969 871519 199876 762395 702335 307086 330376 475852 433817 584763 971604 727242 735275 418438 747795 406759 410273 998359 319497 856766 805633 912355 579665 342403 221955 237821 472713 202134 229738 352739 762445 538616 171472 137296 643664 817881 405142 204276 165871 407912 953094 29841 351377 735347 168998 344104 828231 454732 427422 333238 716803 812323
96869 463444 572045 556505 311771 841651 890633 285742 306346 260959 82806 661638 859912 38501 636462 702329 861077 792150 94629 562861 352767 985555 482588 799647 511743 378836 508834 283211 252267 235626 857954 412729 961559 949442 593039 674515 648355 383596 400797 634063 391092 629002 175896 760604 163591 326841 318168 837371 539429 250947 769934 177312 332999 679072 672956 236604 535431 530277 77602 539533 825459 243304 186345 539300 669598 588375 801975 10604 442115 362886 845697 909695 913665 891610 509963 424080 952248 96347 530958 4177 21147 848309 383126 169364 82681 447294 479756 76611 438591 121680 313458 624100 822491 136115 817517 678246 855274 343730 657833 767375
731249 357884 440497 765346 637535 614151 333162 82717 886481 742842 418158 676980 405303 341923 307171 281770 170475 78603 968078 331800 385570 712243 628896 785158 838692 237445 73639 803644 431199 120183 179325 77331 809296 20758 708412 425750 120373 391832 656849 352739 240059 835927 14213 238859 936240 574226 694543 403983 852121 484387 991556 246443 154088 473120 936207 744268 585815 727678 959311 155514 86679 500893 500474 284986 700956 636115 855837 757201 115790 694321 949451 704932 546870 924205 180457 801345 499575 885725 619867 887224 447111 871574 332355 579855 368205 648818 345522 769328 455141 523410 97902 280683 474027 877625 303499 752365 407946 604894 913420 372221
498904 897058 667598 314050 18943 125605 795020 496232 937403 103624 735529 862947 195687 575890 936848 893855 363542 630611 136639 155914 474706 553016 788214 572017 82229 232207 348403 727037 488884 277301 504858 555741 43634 985077 580591 152635 72312 889663 650262 388822 531573 135434 854891 199762 639299 618129 423403 83096 397786 846927 752869 844432 221398 732310 405208 812189 84059 462239 529348 545053 239867 196120 874818 197920 155883 293180 856277 476715 601804 819268 937399 377475 498792 611359 81633 613451 544028 684871 892784 788921 485828 321312 771525 195730 866313 995379 591769 354260 472912 561587 274199 46948 457262 132413 513 612042 801164 32028 604278 63367
72342 592304 746493 721765 423211 139091 305801 491092 283801 683220 629541 705247 259484 907067 984547 372090 218050 656286 13161 878054 801438 786476 761791 239882 830128 191287 690862 289163 677661 668319 704901 731356 592069 422693 432815 446161 429098 243408 727833 245046 481892 818348 257300 27237 494475 980707 474786 859079 635268 530276 868728 587763 279018 228243 781633 815524 99679 393383 846028 749280 332971 165441 399150 898956 314759 369301 441822 434455 687221 146672 532082 265523 883606 816265 119393 847232 260708 348977 43187 385807 16734 545784 101773 157188 631546 70243 729288 925028 683130 29930 348131 119854 280845 184126 491977 969998 162281 196784 258490 565920
310715 574852 773592 308107 233885 200533 536093 842463 414437 854180 450451 331513 687829 284004 79323 652010 248380 315226 603166 748374 414979 416838 613654 464548 635629 859165 540625 303916 676864 710806 557487 175694 451098 115625 515048 558710 391900 979807 533216 410953 231873 80113 501113 457727 571785 796471 342552 102941 137100 505477 56799 562271 615275 751387 786677 843224 875081 479298 950554 918780 466576 706687 354740 679960 641756 392723 836747 814693 836056 706050 3740 588855 396966 574864 109777 24614 255642 47410 293074 806748 240376 299857 903921 255225 274932 400461 395802 538209 323455 779643 371142 168421 293998 322607 375204 403113 194564 659160 286385 401533
737436 380309 792820 323001 862530 444103 952051 712453 323023 852340 970695 265605 949001 20757 978681 493045 79832 409459 667896 908924 650701 525261 442493 482330 449836 593439 336403 394940 590419 898372 761281 662998 716507 158558 912851 460237 448198 924284 934292 573754 740283 798636 247991 885625 355205 250659 632722 51315 612145 551752 310069 689314 406684 613699 927265 894742 28730 68143 598949 153597 951753 628323 10903 570171 302108 807286 816704 306946 544819 913666 306496 953261 11684 893383 563456 516214 818873 280149 44865 893285 936987 891476 945024 540397 898499 177529 80645 293213 600269 995410 502116 989863 725615 609872 638448 209765 372060 272257 926069 893972
988569 361830 812238 55693 706986 530457 978734 798712 896959 368666 117101 168844 977564 621407 25508 633587 144206 687919 581282 147448 557895 764475 221781 637724 980511 123011 253802 648827 395764 684822 427958 825224 612257 914237 692825 843662 518761 494160 523923 387861 554815 544518 824277 415221 78989 914139 470434 9058 543429 22549 547280 457590 588059 298062 250831 16270 339014 699358 313842 793359 635268 645487 493861 95567 31250 611314 713840 883623 47653 50400 782304 862171 739196 270686 355460 375991 941178 892054 287877 315235 72303 239382 248951 782501 109620 705226 346833 986256 329897 606590 250494 82140 122705 909014 790619 755359 694871 489943 605844 436687
776809 658097 69751 459825 701651 751529 631816 316209 709325 899620 510709 671026 230299 50987 360586 543317 787802 384571 44181 790272 820529 405573 530693 843206 120688 198358 976825 345045 58627 694446 116390 415549 846132 353038 293314 147183 214215 735674 521515 759688 41906 781967 862165 603650 235045 415973 102777 72019 500377 48613 361003 61981 112045 566444 425646 851284 364782 71588 236867 427215 176797 487482 97572 184164 351898 381136 13516 745986 765059 638784 995428 247336 372604 798596 658384 186583 796092 724540 788523 997863 78311 438 187596 557159 251477 191117 45516 188979 155376 463634 595188 357197 868637 26510 299290 275762 514923 298066 19154 219207
160162 82837 650575 224957 956493 416131 190261 873443 456168 284255 28016 566997 307978 878189 52656 534144 523928 584435 593941 130671 562973 914296 958484 938831 895611 263894 619226 201998 975707 731351 173851 914731 611957 331722 85797 198131 690684 498317 50955 822698 614158 614399 776313 493207 982909 77584 215974 753030 481178 637483 22993 237940 135365 188200 324366 356849 568112 702445 599922 235990 56422 193535 525331 877956 632711 222776 408302 274550 142456 807948 509093 13593 357948 217504 604174 100318 222998 107092 719016 645106 908863 135691 343959 591949 22338 130711 319941 737290 4090 495651 825570 218076 591736 918258 180759 334519 715684 311946 752892 770093
836339 620747 59005 807849 128550 727524 570501 705230 863919 670670 993263 438520 243696 296454 824192 52061 900515 810956 819244 788427 821416 39568 652369 623270 632336 115981 170388 399950 399075 393677 42333 83323 559491 676892 432773 643898 548661 549405 325940 821374 571142 615199 18062 513635 354206 267129 815643 516004 618450 105297 691675 251356 846237 447904 819782 135403 999399 83731 226841 223261 238117 808958 431505 497401 928906 839433 739584 188531 383879 953556 373166 737331 12459 442343 213639 361780 89934 170805 11370 444280 880179 379484 165926 739194 793173 734050 248920 421264 941530 919639 966189 246873 15455 296794 966467 296505 109919 486914 489367 659358
455223 62241 304176 379105 696222 110122 512540 273662 213207 859667 209230 641283 917653 379329 299312 849747 23018 477525 797163 415079 503369 771887 625958 412027 741152 491368 945534 649151 252398 62283 576430 444103 163299 944750 741919 81320 183739 382855 257067 431433 469744 363005 454534 158212 602063 882656 249284 864618 599008 664695 395426 424492 328323 282844 110141 454175 696855 839496 397920 402754 631522 534697 354173 142300 771634 293199 964665 817746 810717 134113 497345 409258 883954 952575 268832 680202 203689 178832 601835 238831 48676 645138 663957 564551 710441 31871 469416 484892 683222 729478 211540 296876 447819 805138 508834 669128 311066 247305 389392 521553
968004 93198 243504 383714 870108 950421 977456 865142 22403 855888 763967 91486 252181 955851 553288 572610 703252 907327 183405 819752 427550 814559 595461 45777 821699 959960 950010 410065 777830 998691 854456 661819 611132 871366 286821 551939 945950 121332 660294 46451 906682 630577 825285 410080 1996 46254 877027 837649 273724 372542 117302 419890 107742 370712 100247 172916 194643 201434 770743 318201 335933 192691 457606 999245 900163 695823 402049 260994 533340 952737 591846 911801 949711 785227 624512 821798 763422 110975 704546 183944 910880 505925 561645 597699 299136 749766 602585 870657 286044 415728 189107 198425 41700 891119 433216 140195 272046 628718 69611 715554
791027 289334 224892 208586 410699 681187 223497 120266 860835 736710 531601 275227 628325 457582 357196 911130 31975 136286 521921 142992 435066 227547 385289 642560 100745 622069 691987 686329 894482 258065 82982 420486 275842 770231 946703 3694 700070 872671 638691 364008 956673 214239 396353 797151 816005 825240 614136 391818 582909 361540 141657 137881 665131 74544 814507 369937 184007 602462 148751 829548 756325 415298 180523 718489 45357 259162 420927 278131 735854 83761 281106 374465 826153 607811 720826 800453 773039 727314 294930 300826 812404 678679 765376 393407 205046 818057 862133 918499 530988 17804 943254 671346 940071 948944 947196 370214 29478 376859 786803 470059
380141 81350 461361 896408 788902 946269 172405 464153 324589 789703 8848 470241 752462 937856 915989 603074 745168 512306 926279 336731 957374 178419 223188 961370 735240 723072 740473 572213 141295 82117 640468 600425 587531 761394 37898 986060 36444 759314 547154 726527 51023 868466 809621 210083 354850 375617 320054 319750 93057 770645 237145 73613 49538 795054 298040 859534 381903 912569 922618 569264 109735 810307 465601 680765 230203 794018 980392 74749 318418 58579 547595 530228 839692 46275 59074 137331 479586 600512 449458 640715 735244 21802 323407 907032 351746 253703 30695 574732 376125 933814 997601 298491 597445 166189 229636 505464 235995 748488 717039 10852
560568 569065 711213 874503 107880 350872 474126 986511 281890 30939 145533 282927 906902 278376 550868 778183 931988 582154 939443 365734 886645 307760 4273 391313 636523 595796 790155 32293 776220 872710 282739 687026 142570 954692 678732 162652 492639 930850 683936 344634 786654 615404 982251 782825 126279 668715 926505 751852 173726 924813 558672 530049 487522 421771 509927 405225 816608 273876 710364 568776 300713 921121 163276 416882 193785 614982 188985 77223 143621 305173 773150 188320 115134 165602 650592 604939 667636 890986 61892 614654 60893 471685 169162 577102 548829 941129 978122 35597 824351 292960 726986 596379 805004 747309 221423 16545 736688 989784 142332 532971
591217 233691 787528 922291 862239 759369 676238 977913 125062 576737 477660 194235 485162 13006 87999 958482 279442 679413 895112 32314 345559 662863 927021 23185 739157 979000 528385 336146 272025 40623 988356 816121 284125 91324 650958 608518 140885 625175 346209 2927 700253 226559 167689 418305 887748 678524 241488 844120 975015 15568 785606 518912 535030 188140 828249 292493 911485 771838 796908 152711 195014 333089 521376 528745 167253 203213 570529 743532 206775 141181 426559 577658 594871 81621 102673 779118 126351 962731 845911 900601 934370 568257 444282 768543 53482 168131 302607 638820 859664 210386 644539 488721 447442 225713 201525 766881 926930 962786 319055 124247
591582 278261 369206 801208 881685 751557 230916 500159 597408 724486 375393 656788 448653 741505 772543 532836 260587 870445 874426 586525 435921 665550 504424 426993 321837 226906 375542 514315 327017 747191 702935 876598 131376 67021 49270 742164 430629 782956 30097 391596 127489 199069 54498 741646 639072 120269 619820 347142 362302 543906 535453 65064 363807 18880 300857 118576 509468 450977 187731 33430 952366 234722 414269 554772 40485 146682 4424 832390 5092 81429 120215 459721 669303 964462 111338 872016 980579 103951 572008 848777 864125 230276 978450 347941 448861 153691 180882 958785 926403 584545 67898 820213 352217 623551 871779 363761 342028 86368 749185 114642
201987 976869 536005 570977 619271 542262 775579 262405 560279 573582 570565 384533 574431 53360 306680 697048 466776 227104 569484 38494 906988 614875 422913 199065 236650 367963 411804 518823 511184 807268 140537 7554 804625 956231 761636 814933 379197 351675 731873 241559 896922 277981 701326 375194 860790 36934 810990 416818 176554 559633 470219 259687 335240 506369 637029 866294 509719 194283 443140 969220 501441 553914 226434 580263 639457 498461 507000 664505 758835 372062 556710 847663 897933 642889 586213 912043 809792 886080 270853 576774 133925 299675 109013 959871 474105 750085 301692 203130 423335 599087 671127 507495 199384 242544 499932 146455 410348 761708 575117 26102
50325 936807 239691 544882 252987 985669 851732 360285 115619 248438 642747 94795 655412 136198 153380 299177 622615 780137 220268 605134 295779 116392 490692 568224 598909 261696 966126 639914 280632 679180 977813 690146 53032 16085 370264 769341 48128 231514 951397 257571 408315 391221 23981 580761 638596 304293 558916 992232 851574 338826 173601 41238 709874 12034 470212 941391 504783 823579 94138 793017 385025 44626 641207 592163 532241 959016 866937 707112 561388 672660 689208 131888 576921 79366 347150 529576 786216 313022 298271 274523 311148 624690 86210 183850 262214 830853 381043 682753 536806 895287 422482 311706 204446 709572 715881 585035 758743 113395 308207 406398
525804 258480 245143 347089 891536 608257 386719 116878 904514 753342 174812 782557 368023 396895 539177 199320 540288 845119 634913 166602 943453 79008 98065 632864 792356 729283 694469 574006 3633 677673 125769 624702 384621 895498 341264 220748 921973 176088 444833 207034 635175 935206 24943 258980 239522 775899 494743 576290 411926 903350 429739 25386 214998 999043 550605 378393 850384 47223 111136 519655 774913 754537 910040 96603 261061 840268 840518 113793 561512 83239 376782 229431 576259 824692 374192 81177 742221 5376 949481 532090 902198 765330 242899 641832 481921 875005 561811 532491 128234 451266 468638 961577 420837 795919 439398 628023 698583 85339 871819 716739
929881 179903 78544 69607 446852 670104 775926 520189 251185 173901 730196 25280 245809 914257 621969 367404 940065 589801 684693 442609 399660 513133 25160 947433 895348 567486 841259 638880 141179 729540 2996 888570 59599 1529 12211 975422 346492 940574 270117 622532 723336 580016 83732 914434 112286 485549 401388 16548 569041 594797 964008 333181 753897 617298 235238 337624 512074 370164 330886 368914 897377 406190 788144 795392 909358 158269 901791 958665 150662 271963 50505 813617 466417 187030 623973 941817 899393 180562 911823 494622 604111 169420 183156 837009 806450 10702 308879 429573 327501 903569 94127 919283 706554 890755 793309 623102 767099 108568 901258 781729
516146 817695 156845 140281 488311 269818 254264 696453 951985 521989 349154 639909 86714 131821 182060 255744 760700 999663 988421 771136 639150 56619 241646 800782 476699 807904 45535 846090 152868 831812 508212 768754 727846 619615 362029 664988 758936 860398 395884 977008 418556 261910 741338 919842 427360 791920 806726 491469 930438 797981 642949 388468 888440 38106 330005 581208 741798 892933 853174 335623 762759 966007 760533 515315 799938 869351 155727 535879 324617 29553 558785 166757 848145 271248 431126 233017 979198 161207 981359 278116 36160 499856 640994 327939 590157 876417 924208 529830 11439 50560 430162 819136 751795 652149 842843 822057 900494 511299 246232 273581
134013 961013 646925 364598 161697 180641 64239 729893 545802 935608 478976 582431 760623 181944 926360 567852 44849 245478 887870 696562 702944 417757 599788 401737 146805 982039 235418 910815 287960 39985 11105 372908 875370 953969 478199 662290 371786 367821 745106 747928 749367 438279 311415 982142 781141 217004 488165 680545 814223 193784 481191 550932 39651 938193 949274 26842 31512 697824 444294 589355 796958 648143 21167 756003 858194 340079 881767 569994 24890 824345 777237 399643 499708 188775 682730 517480 403670 245337 736602 196457 240960 539486 888948 874818 623875 595950 587366 890994 871663 763272 942372 767460 157492 149189 735113 683609 697093 352987 780223 241866
305685 83194 910793 793126 450839 229016 569471 624041 444062 841200 624119 270141 423503 827209 478720 235407 533911 695114 11106 630317 163031 534600 377225 684073 800488 914296 603467 591249 645162 482509 681108 637978 666716 813638 680281 623941 642648 728289 76384 785902 604742 442133 446652 404391 321536 578943 667761 217638 122788 241201 849026 859050 307267 292396 165636 363480 594856 629364 894911 939760 570629 155675 403165 176153 710483 818588 309718 34415 175012 595364 159156 761349 609406 343817 509442 339293 22485 988072 337008 355276 513735 624660 23661 883557 249724 72797 514846 131789 39213 712286 375858 404888 689336 633444 712877 78782 141862 918167 770515 261483
174011 952488 943379 300635 343279 90398 580623 987107 533398 692895 90331 203162 21013 119732 591768 861524 517610 831795 905933 245220 292506 864862 208523 559878 315473 89569 696429 746135 887250 524793 344379 401896 883966 960487 563260 609081 904544 959135 916656 386342 330070 130174 648380 265981 924104 343376 711064 660871 569689 345919 703782 547444 207975 461583 508766 273327 8331 953586 473480 102976 185605 401628 285668 761696 429109 247710 633674 271810 886113 664002 287688 451741 454776 525421 22531 744118 711328 481366 672313 632073 188991 319005 877209 995723 242818 336940 210117 804897 384531 288553 750635 609707 149833 159645 934375 61042 170008 546010 388974 523314
76588 357012 164460 876451 596024 306542 436149 71764 111755 854350 293014 77621 206853 399871 732643 157233 859965 855425 305783 627485 565778 27740 948086 241046 780268 84492 654453 783105 286479 864326 872096 884442 291344 846569 868920 538775 81260 287085 829480 20211 788107 539275 997613 59999 55816 310779 174790 434339 644715 560341 814425 368888 604016 194098 619057 868683 174109 663768 699693 527573 407294 753528 349976 817633 492626 360711 449699 792956 966543 84239 873783 856061 573339 981653 342390 279337 176545 831452 407741 624463 793292 598362 466392 413562 602907 243761 342789 158114 507419 799550 540790 988725 588104 201729 576068 853183 65492 830872 302102 317331
868549 47614 979639 8805 658198 804123 375927 638821 862510 503276 119798 270360 415666 754202 443008 680502 949965 952136 130546 775737 648152 695930 441422 884166 581972 566074 218556 859709 640192 527828 958721 184125 382302 293429 314285 677222 143582 880543 433821 823669 853458 263558 337155 871052 23268 121447 90445 982704 68626 333605 168833 954423 735134 865456 48227 301803 13909 223441 345018 94004 745319 278000 313588 105559 862692 475092 405575 118144 546751 698146 60369 808548 478467 401505 388755 113195 354119 331208 960325 705333 464463 817531 834048 148165 81653 248924 977582 896928 240465 492762 457424 489926 37931 915727 828787 968854 327255 752616 992590 215672
362966 47255 783819 632135 971271 714013 726566 272222 645381 677414 670607 171004 772739 593685 191474 89043 562315 318785 75136 614365 979236 491096 74652 749217 8740 452205 131595 190504 332475 168828 113310 298068 67834 165582 863662 944861 531648 838487 769671 927478 26670 762170 729477 970562 399255 375971 487434 944334 341974 910550 9758 440620 835463 230417 178881 291069 198727 833100 412264 705428 135450 736872 989277 805530 676701 255649 256920 452455 518193 112752 10108 743086 465316 600188 806093 557995 857688 657990 360157 988515 765632 529781 723543 904847 774616 800087 694872 511381 988107 913062 666223 598928 550986 893083 953838 326798 35704 410659 216827 417933
530563 277023 464259 155749 581628 121939 937453 59933 238919 938657 114394 520638 578952 367368 241750 324889 719900 885528 395693 849132 218766 29848 12367 743529 148341 683822 818410 351281 368043 131920 840308 226678 765004 55102 77506 349406 315433 712829 40482 77662 507802 595877 683522 961539 344042 295157 562877 404430 418442 840238 870064 64259 972029 182736 963161 50073 75614 727981 434261 419836 843174 544952 337949 23146 193107 110871 499583 989564 923035 233604 146937 489717 782464 952286 493082 606608 687621 210130 909559 87105 937677 61160 760427 854369 922234 414333 608599 405097 553767 28074 424019 666273 616080 794669 150696 83886 847960 784245 44631 346755
868652 799079 589661 995909 778863 502341 813090 743033 266174 876492 487953 219314 474572 766174 438524 331654 750783 613371 251232 217934 591766 124679 351328 277768 311850 53302 629041 42915 115483 440366 234163 521108 668804 422538 930167 115629 105952 452682 67533 515978 970926 220314 231372 909481 224942 266618 888389 313457 880394 946433 577136 385287 329884 149445 751810 864459 711864 598581 115542 58339 946910 817652 877824 770922 222012 410021 526205 500836 630494 770915 168310 961662 433789 201513 423415 917723 756388 166152 684455 672411 627962 414545 561533 303228 316701 364755 321030 529720 791652 434972 983502 503521 630512 546210 169056 132251 490567 797230 803528 988249
29061 666203 210965 16898 602578 836938 100358 585791 690795 143813 879159 238262 391358 246372 120524 404699 256048 292957 262381 407564 823017 434775 516282 735492 546413 981642 662503 378771 936920 568204 669872 76368 880652 20769 497654 83060 74162 860320 228448 881331 554899 895787 768371 967145 386101 909209 598090 944500 577837 829143 954348 943986 832626 190845 180674 140872 628810 372930 950794 755030 840645 944578 834715 250943 555339 787283 930095 477211 35754 793742 110721 623065 74885 778818 99191 885841 66329 404259 797469 631132 54188 471756 101592 726529 373382 338680 633766 770137 565465 916019 786779 422136 383217 444510 37975 291119 779197 646157 28567 24748
195955 179238 504899 922992 286604 101928 638261 774587 876128 330870 798145 599366 882064 543853 40228 329849 369961 996989 671382 188148 486476 533162 580473 131552 271280 982375 879536 743127 72589 839992 96184 773381 637657 593238 978176 763321 730645 298216 389483 693158 526883 275575 736278 58661 145930 701470 647186 666563 395145 669167 134535 184771 255 165791 673998 537604 819372 995274 268803 630906 952532 312600 780810 962280 412641 422615 80864 362896 28283 33919 420312 561600 354824 197735 556349 876293 24991 22279 812909 698350 549020 686358 22155 211836 258300 20361 141051 616104 391183 20168 598169 419209 70565 397273 651686 833726 950381 193240 223282 76107
100809 313071 309874 268578 113764 584021 766122 558512 114800 995421 310841 772779 821899 988423 117986 810687 414593 954602 465752 169371 121314 144359 420918 130683 220049 335262 97918 686099 768039 372528 618177 868826 259587 934798 160603 315599 338274 289158 132730 333446 465472 904050 984817 56976 327510 846230 420121 716657 829192 814044 664675 353140 723003 200157 593463 180657 809580 418573 329167 533458 407136 572363 531628 612578 964777 828367 387739 649013 53288 764140 755340 371293 489590 658502 183926 822351 694524 298752 234133 106912 282186 404065 315064 258964 814236 177596 947041 368910 296021 812961 971292 865160 711420 918485 337848 252639 927742 27925 759953 674213
997377 900361 989780 617439 605545 730320 942281 242490 301726 202205 55347 269148 117447 728688 615623 406624 703008 525927 206653 845979 631801 430451 37026 877596 714964 680939 110251 33534 381071 951806 662509 799255 556669 87144 972723 977066 716192 185232 20607 45312 830121 478348 857430 72342 24842 679170 632780 168064 999769 646842 794408 5280 681438 616780 728013 27728 366176 358026 860958 724860 501179 87794 31844 102947 477853 793218 143946 418920 815582 969947 792185 781351 443063 145441 651780 239041 22514 723106 741507 739806 733756 428663 574703 176198 799779 474417 841135 829506 242456 378425 101463 456838 62321 216051 108261 784388 559989 878450 793683 309047
25186 136297 630232 629264 246009 885458 520693 773610 561463 242169 234333 149986 480007 124028 881247 65073 308490 230641 238645 877026 50208 73017 904345 21525 362241 283493 954512 131793 556370 741086 891320 863100 459250 87397 166260 280048 904284 959465 192495 431453 407150 825182 408568 137267 7778 984295 288416 295074 201149 13877 918943 564538 368870 732918 791679 747341 426136 495460 833328 918847 514723 76011 83620 665672 807774 815416 394641 531854 921710 594349 940505 498366 597456 793251 311636 172531 343754 331403 97482 667410 791252 902538 568949 39586 290129 217136 534227 101401 296974 692364 596201 207324 146013 634534 976477 590132 143624 930328 536534 203976
189317 168658 881490 29161 414147 85026 566155 451965 183476 476507 739191 388946 640540 962804 513275 408391 362081 578219 676446 782158 248613 69768 449908 126800 805727 3381 514971 515713 141927 990041 54661 843463 740004 683434 975876 23823 985754 694860 79170 22244 963638 341147 686879 80550 845273 940280 264490 831265 444054 693791 266178 664194 432150 877988 39380 694488 997341 725824 818970 652912 965392 998774 890156 481796 205795 564748 551232 470804 832673 227768 743654 687343 206122 833544 173417 90857 221138 485869 778725 625209 251224 376995 602898 816303 268880 299414 61642 268357 533633 221032 117555 158760 564987 739363 925471 462340 771731 450315 237070 330353
3551 261743 600796 41818 316629 952332 518468 219746 696914 61382 871920 335008 920347 896476 459876 514896 671876 962765 77261 708540 944726 750060 677103 781518 945801 422937 895724 990101 781540 849755 943752 396875 36447 771901 675896 813585 355149 626793 346172 852076 340720 823844 64225 962224 621189 998060 567208 324927 148135 726594 418752 895218 329767 231773 31266 181030 832714 509603 430356 520845 98253 275334 712171 831766 647027 680889 744441 234480 831329 389354 588111 438092 397975 761764 558877 211787 74389 719711 551743 18001 42426 203651 328549 278633 436653 566279 814460 592815 588803 440432 769084 257225 229615 869974 525425 158513 757819 702620 672885 57024
137658 133322 924039 705683 451783 22951 942922 599575 762122 423640 2705 87415 327823 354178 532120 961328 202159 936485 950050 217859 630194 427357 243368 775977 368959 550532 716965 66502 468013 205062 444184 734263 838087 626027 545481 176828 677151 612906 279685 571517 705351 18243 443106 124570 324689 435939 125505 464993 823594 154505 254467 229045 75160 323909 101548 891982 59495 510248 557561 184485 350808 342161 166357 685681 618784 84926 946930 307079 143267 723851 49307 379432 388537 896510 423657 667578 353925 981963 197771 82974 597114 452494 4206 766636 941886 565454 505257 919194 353136 781154 241375 306916 473134 736927 609309 474101 792617 636083 70954 489052
113025 288603 603514 907136 267709 767946 77541 568715 899224 393644 108699 22416 207546 481222 97255 618373 543350 327865 367931 174253 418983 608656 304986 407038 709059 728614 999957 324269 299392 795175 498743 557987 497300 437996 165548 799532 622793 202744 776757 342612 819547 868755 141381 292130 962350 648675 439104 208686 307881 212076 377397 920610 69122 767154 96151 932782 158427 734913 114573 756328 251033 488721 806490 356135 63921 779998 266633 836875 301262 622423 583530 487565 470740 205945 308673 166597 170217 232813 271532 808517 68119 121924 835219 666063 815368 993569 39300 852687 328236 563448 640822 239892 804719 712178 92959 731507 507365 917998 871664 972279
294048 305635 241377 282236 852539 50703 717925 975590 741425 420906 739285 300215 895646 575970 201844 493376 946292 964919 253154 353210 265379 466581 243990 270081 897822 433344 141748 392556 433666 410755 16380 592513 481820 759025 146905 421012 146052 823561 771799 395765 628008 184139 15861 337500 271171 17782 7500 959929 765853 3202 529696 435107 38572 268143 552320 984602 141588 277846 563267 19253 347809 598781 979513 838317 763788 902624 823748 899858 202213 584370 555972 361947 405614 872674 784936 676376 228789 338259 466845 146160 439260 681963 11886 545145 553400 279031 538697 260200 121008 401573 886531 309385 479656 587779 357530 678517 25234 198852 570980 330844
212186 798390 59605 375101 39563 881671 1671 1461 76756 169656 33642 423118 343986 622316 63570 507136 217218 144775 265470 646731 140650 723161 743311 189210 379218 297934 385331 286656 910792 891861 165980 340703 753775 143089 401834 732599 67410 71626 591607 595845 18486 483677 264177 171181 484461 270201 901953 345460 985366 428464 101083 875771 239802 750546 647169 313903 938483 742716 768680 607142 814250 232799 41671 366635 925185 464637 973192 862173 181320 22819 803719 205563 546606 637191 56734 792978 853904 628910 846388 954340 744469 50121 545407 737414 586557 261962 725631 955203 548735 308635 593512 666477 937593 222124 660368 512406 524552 620608 232982 882357
634635 252507 605696 764304 808277 782098 830081 192303 414709 323392 45308 120784 72190 785595 946022 821133 42523 871814 512795 619361 61074 399671 319460 323715 719204 974708 219014 795987 139930 846650 825105 785915 455223 818430 891965 290650 52297 712701 800965 161825 82745 205673 444442 60105 4081 225296 321241 774914 489005 312773 271327 230276 331505 564137 997313 81089 16812 374351 381105 263254 683187 752339 117950 678809 827340 169992 688321 620848 655865 490942 529128 882284 721883 495318 476629 977867 27768 632001 680298 821160 321827 777259 137645 987636 832596 758947 132302 717735 907213 615195 74284 310126 255036 858025 166247 130342 754709 596179 981390 570754
974184 499784 891307 951866 846698 121620 80336 669984 930122 723205 37285 880588 383083 465905 324045 701346 512556 582018 398079 694423 733790 334064 799927 153189 449677 310109 88330 154792 689419 249859 956346 56509 268276 2147 807375 826520 989027 205888 236895 589563 774611 805596 199179 736202 287063 671892 524102 831628 870951 52374 776159 88730 185725 521101 45071 893534 74230 600868 381397 251854 656895 833720 168452 892324 54174 472239 103558 928054 731997 807862 222813 754455 302457 297825 54402 30853 955262 185089 748854 740821 733302 677880 38020 793367 533170 204804 19844 677491 352007 978834 696343 754224 80638 398584 769771 14320 461194 95484 219435 273188
709034 106491 803907 838867 804324 665045 903249 642280 318764 468356 17764 898275 606166 838032 584973 217236 534807 335913 58317 697554 738127 715304 708091 444877 999799 232159 854214 260977 49356 411665 170938 627343 328067 14702 215358 28627 424129 73710 250002 377124 458302 699253 635161 700100 618322 476839 275278 450805 674937 419969 526178 741084 442537 471013 451256 2117 395489 250638 99669 907429 809770 496125 23104 616320 278505 571764 321988 767388 965961 967781 287978 679212 265228 540392 917365 928194 456524 973558 151820 433081 161478 971376 928269 41218 327809 431503 125133 606687 710625 149526 202973 725277 904932 426852 828441 317658 854156 275883 352491 531828
29896 114436 216510 16439 152915 204503 218822 764171 79554 179761 307124 852791 234604 834020 32453 439588 819092 823944 364083 611455 118448 942505 958330 173848 910774 849166 217245 351703 524210 416143 580157 194237 186404 589300 507241 760247 262548 670103 851099 312837 472915 657879 475149 455260 746820 671431 130302 946542 130623 398228 149141 626857 878531 619270 365364 266463 806051 322549 623007 217866 862174 448946 246290 505492 715806 208395 723186 886368 330685 282878 24221 543029 973318 808832 743024 749165 744242 290668 864391 945080 955773 762606 146693 68861 534380 251176 635227 584232 639738 932947 294556 97430 123059 546403 717346 367794 646750 171483 50691 69791
506960 2646 100132 857752 239570 607593 713725 460989 768210 496569 39321 782497 882163 587345 887282 155956 290759 913717 665686 909422 712537 824492 301558 608434 80606 622940 663133 439558 484343 219581 841119 101530 934026 76171 987150 415617 543776 693189 309459 221877 558105 792412 819311 938224 351986 680649 484062 97250 98648 996840 67645 72213 659446 583588 388711 542885 266102 755448 22208 427668 618 471011 168917 671727 150212 963158 341011 58362 750482 77961 968197 674570 600126 697138 150045 137456 196862 864640 933653 895279 752568 720899 753518 352900 703394 771653 174135 47682 435048 400789 32940 945942 695024 994721 978043 692722 745950 932077 839132 802015
926348 33658 128526 485054 899293 770938 42280 417423 455638 351372 416354 848089 661752 449405 769443 89218 275988 152595 218291 146921 705436 237772 2299 431766 191038 430210 931551 703977 295843 80369 249370 767932 121975 794749 653451 613534 210463 323715 171670 716346 377271 75451 235462 160367 82822 894702 148297 759387 62121 4630 911332 617669 957399 625564 967513 205389 335115 886992 222785 974796 67311 570397 546714 444976 464840 774625 728302 525505 795106 451923 463882 941118 270883 51943 889837 959825 569429 802108 450578 933171 316975 741034 892546 932679 469158 188435 475732 111299 673879 126946 192519 769219 463316 893744 658651 958465 729926 539570 657652 472003
606746 124832 808533 545829 36458 620988 444131 696558 818243 970638 275027 315888 422825 741005 526126 375015 488446 492548 251895 155690 645618 887663 951666 660899 632260 395361 824745 425607 664847 654787 350877 781383 373882 977268 667986 35795 769899 787597 611405 400513 989627 575731 816272 922190 30034 228330 595876 297888 350506 138288 794656 108672 545980 691289 190998 193643 981553 182919 265323 3261 854114 36733 688607 844144 78106 432994 955766 800101 174558 439261 818972 244622 1826 832342 511002 180226 300586 937645 548338 774064 885866 952821 350994 109096 271925 327800 70864 981894 705401 387338 876927 314409 831518 501296 428641 216741 574366 761967 54506 178638
420950 789615 363845 845666 461494 376427 678433 928089 872372 142987 634291 279316 521757 929469 84495 959180 542520 894639 251579 181892 319046 532755 705102 305781 843341 302491 519721 660106 544025 736452 23453 497909 954573 850133 165878 540371 826811 492184 701453 5842 646212 692436 272635 950279 224165 546474 222445 770682 170507 657713 36389 92123 634619 650933 120992 862350 789100 351616 441884 22400 897013 617818 878112 996181 919523 548670 302158 862199 625368 321642 351886 526335 993341 138558 311703 164416 248206 663751 993835 728065 434525 15386 959369 474661 237267 374688 991672 128705 7721 457520 732396 464995 866394 88616 347190 252570 40489 178431 747853 507946
485895 534591 663995 652833 297885 152693 826686 42608 796658 120242 798086 247375 310226 429809 58368 20317 992395 954635 600866 51421 442930 467605 505040 39241 248272 186576 798958 146428 532902 818986 937108 747590 259700 746419 17055 506185 862530 540394 929991 758015 765349 625870 871571 603473 601732 974209 986105 700637 127369 361060 495248 88075 513396 523272 823742 756668 756009 150671 718711 521827 259163 98259 584401 650788 990180 407506 394516 801459 518891 688414 685664 351500 46289 593455 441362 731983 563150 214559 696690 250589 95933 633343 6699 425713 613990 597207 32345 428671 736168 378284 559094 754687 595916 952996 711866 131611 231071 929730 472602 252390
492487 562993 308356 874 65701 671047 62467 448073 304782 572027 936104 414768 802445 369730 387052 977102 937037 941399 538097 898435 679137 692258 190686 22953 612547 161513 305540 432698 216337 404917 592490 846926 846770 157361 797937 158492 627833 979287 710335 804761 561835 738736 222035 675971 169718 476371 227121 489751 292223 260852 954160 719087 951908 95761 584131 419651 986456 995037 623190 516809 254322 740561 476043 389346 348865 310633 220957 411478 338223 53018 845260 158927 857120 340046 845975 949144 817910 610120 152211 704662 10096 722425 709462 969620 976996 156459 280562 14672 950775 486458 846656 332871 750255 395046 414573 628154 672004 405676 333677 415356
48415 720181 315381 651339 565115 139180 982014 467274 326384 390483 67197 95115 902257 836197 252972 360628 301462 71779 927623 914712 831076 547844 113139 472615 716106 427029 546746 682735 273169 193827 755884 564249 192315 887459 482459 485538 573416 638704 576109 232004 297936 226096 639295 431299 118970 806258 22393 841145 923935 728410 799875 20098 809412 840413 84531 556623 171204 588097 394608 278142 509955 151135 868414 750119 990771 158885 117587 8695 338294 163367 113750 527429 178549 238549 23719 798333 917039 767337 748158 825847 601719 165324 37599 928054 105761 317130 133713 953620 811716 415549 494770 7775 831047 808869 125274 526469 958429 514544 455028 122972
145819 613063 80693 152089 216598 186974 412503 498436 280357 926252 847652 486248 35277 539584 525097 816183 440878 935817 413343 380026 671800 78011 242661 454311 514975 654392 45948 187255 544156 596442 377075 138030 115580 635207 293567 819356 224805 865405 234969 751311 838186 541319 826232 257773 734127 263606 631888 188546 218644 675037 290277 907826 59200 957815 164416 993573 894948 396654 27740 983464 164548 125959 573108 631858 873907 190504 925086 623858 366392 574629 940149 939293 739722 297786 789085 878920 481392 355860 452805 845614 667248 395736 33947 364887 879828 157800 919074 687360 814870 710841 336424 382178 636672 653529 875237 865143 10388 500994 479588 401036
920623 940411 300363 368916 100564 954317 372677 572187 726990 717972 645320 968136 213981 500589 319001 867436 531812 74347 779822 956502 874070 444406 282228 392593 95034 749661 330320 2159 883314 211928 135423 669152 831961 829058 803684 683552 10273 201048 189221 228522 690071 217905 116866 203697 904571 273471 314963 585818 358982 469941 401818 303257 18423 335740 64819 806973 188222 844346 825780 725523 326890 832413 305203 547050 381145 915722 28618 302288 854491 277587 798318 728147 575696 205656 698971 209662 324401 605225 385930 629488 69013 338045 323018 157227 47610 95531 226927 542731 367587 219358 512920 59708 791585 816908 3983 161385 110478 223901 75359 538611
820481 811687 786046 648464 608218 381971 997842 381972 443766 294933 253704 138525 203613 246124 575842 689600 23197 707956 874683 582457 983534 850539 460195 803841 556689 173869 497441 764446 339193 926000 933745 315322 961070 485815 827674 426420 950043 971322 341963 950661 928985 648704 397517 391858 519677 175435 102817 921979 767068 349490 340714 343454 983869 869159 13106 434264 505294 173993 66030 286218 885855 101579 754449 216079 500127 603762 892323 491048 188574 193181 404208 84594 560258 348689 977230 325791 204557 894066 662706 484873 90805 261292 704263 204198 46119 600555 6317 952179 742918 734933 978214 238824 174647 765055 21163 854522 925114 713950 883723 949867
868992 151029 712190 579494 3962 206304 359272 615470 852551 581875 297795 538818 467253 298666 678859 409937 887652 286029 243294 771742 861711 840131 551517 103155 114567 590477 318935 35387 494928 842154 708173 315534 605201 912339 731681 109940 439283 137610 893329 150021 772203 924041 553758 468742 636984 972419 988943 824881 799990 380304 461958 329563 315752 913292 735039 583901 769360 346902 75702 197098 133866 843511 351008 52596 73788 648906 768390 659797 345547 23416 37783 912803 481955 222730 89598 502171 800816 835049 998727 340073 838859 122132 813237 843970 126081 611487 585862 883406 110131 366541 537279 867540 383111 70633 79794 303308 214381 422687 669554 639241
234325 967989 104655 116380 519022 283534 373984 404877 867182 218038 519925 406055 963558 727681 209309 463457 467200 328852 890288 593958 225747 884832 568607 451159 838569 737271 544599 932054 663413 171066 576411 990385 782556 922230 701133 135448 545666 391651 679265 689350 934053 557372 265312 275624 735490 587126 637865 16595 861576 731377 319284 503415 506050 181733 499079 140164 855061 334770 824452 538138 830069 804942 678585 219053 696556 73705 702748 302419 877043 347385 985679 65397 672304 799316 549194 140016 462524 500345 799766 357543 463485 912897 990141 159877 13922 352592 526150 456381 887327 703195 575622 772649 108861 821644 776287 473087 462101 174599 585392 255128
32024 92302 97151 853027 220698 860584 379620 709326 806259 818722 817604 852408 182989 964764 742553 896450 111306 787096 368989 532300 996715 307500 745332 63517 716088 478095 250835 615843 463794 347 711776 567425 652469 729951 118821 531799 686371 473543 661897 298260 560886 476873 863697 813771 897459 690807 367475 728015 69168 17257 673177 793612 358901 739241 391845 895058 439119 61707 673374 939313 720305 544152 18841 851188 9564 230996 517352 497010 611589 905579 885166 875032 897123 555320 328233 121393 74753 208820 172426 292599 341965 776660 430242 729147 952280 991145 874604 553320 896912 123256 785448 542074 290263 283361 266008 210211 23766 264752 98938 223501
894972 42000 653340 743733 823952 240404 507492 845795 436001 671402 11171 233712 979461 470137 867160 820964 269394 525420 955078 548865 617235 272389 890827 769443 39622 458904 949721 544261 143624 310525 405486 774039 474762 451065 717605 2947 216050 956237 862036 314908 457309 214395 197314 667797 112199 176182 700133 897907 339658 581922 970198 475068 418145 604353 852393 268552 527683 108655 19798 890074 303641 56505 237963 683444 205695 432071 513497 518040 399871 25040 792673 646142 555367 801564 319329 215721 406202 984920 365012 657434 527257 296507 226328 768246 833945 173964 928579 96087 728573 484723 521716 738150 531225 299401 439653 120089 726012 827263 628861 195271
661081 993323 118937 684 107550 571558 680929 263057 777056 819268 3944 771304 945102 236151 549911 261896 831513 939460 743565 24303 753427 287835 210561 981935 102052 728992 865778 317162 114686 789917 690818 329500 331697 823176 568207 755303 74193 46369 874567 749011 1789 335082 487279 900784 380913 980017 397222 328320 704544 250997 696905 686973 963225 560918 632291 584507 38669 830966 239071 976476 657053 837088 187257 884187 285358 128654 398822 599728 306697 632150 712555 881941 552441 556912 855068 189215 906959 324207 161298 594535 51828 536579 305303 591195 888989 909465 406228 219983 498111 544746 355370 82063 495002 439962 287304 797246 386514 884954 923761 862369
362638 167834 69812 483993 869068 350689 345882 33438 560187 798257 45530 967161 259981 297562 108110 167661 917424 135598 216211 153709 780711 315389 3762 856427 877662 60729 854181 111156 998368 767526 284289 405456 903083 424414 741961 187200 364384 735449 224036 508271 176663 427772 883557 989285 736821 492895 664272 922240 188139 645694 357663 670030 923414 781622 635666 28996 699396 341981 127686 506203 950086 489786 345728 630698 749943 419131 566155 593152 735097 255416 755994 754059 3033 170025 973433 584075 717874 690521 990630 745256 6644 727462 385576 719592 965356 602645 746931 48880 693534 865630 267740 393220 664635 397656 3399 556943 663191 232641 49224 730408
324122 210953 53652 402817 368721 535605 341613 407738 428524 393376 389836 197725 274497 853630 601992 139621 77239 264255 159398 568940 108218 385695 198085 277164 218862 637485 516721 782008 525256 87109 51444 135134 8170 507959 474944 286674 695788 725195 562980 677228 113741 955793 539921 609689 881256 502635 808952 370402 383394 746797 798263 438199 401643 270746 37702 160572 411684 995003 712626 525001 631141 380527 820187 295257 813788 851446 158896 303568 722434 955032 417922 789898 221554 22194 475942 533625 418584 58348 524743 811378 249107 566299 74821 687022 340874 571887 684412 576008 172388 859084 3887 799676 308711 485514 411996 866211 21334 548402 248499 839614
962451 620627 61468 960161 686917 6696 145271 42903 481513 327785 787983 886292 766741 895218 234006 830702 661313 424944 927446 400265 308506 385115 583889 568244 402677 22028 847001 804693 124497 958465 558124 487913 868882 583694 752888 324585 876844 971873 398210 945769 456095 538685 592171 724986 114429 395901 862958 878575 326927 936307 203979 80739 812670 507461 972958 648161 383840 168236 335156 427411 696774 559241 225639 233419 476523 519684 173307 576892 872556 946310 133930 576032 175596 633419 832303 932222 138064 853070 68646 783012 135373 554076 432910 973976 62841 820279 59789 619742 903023 863912 157183 496465 206482 363127 776111 675752 27782 320358 23203 169432
400907 498273 949390 627590 602876 249860 657880 246119 280619 353267 443904 840152 298677 847148 846148 297680 29644 564314 715548 836620 768292 161179 938739 355463 352538 772455 927842 549866 625233 456489 371131 502301 794174 453207 337122 610460 391097 705212 511244 88356 401573 640995 543936 257740 526888 751056 215995 277393 62006 872706 455272 545073 672768 140165 106988 75130 767408 406226 557902 242943 974914 95829 703441 878407 590920 573576 854145 628600 797262 804083 309829 180426 34936 481576 177405 781396 508853 565038 164513 81984 383065 487135 2688 962009 32205 949402 830613 493040 885951 719746 857276 10554 41824 463571 982575 260081 238948 969547 790403 973663
408497 547943 30353 832210 108133 785681 317373 232312 460572 299958 213112 389021 274786 41764 139005 265072 218461 180692 242534 701683 311211 132343 174288 487983 822985 851835 783886 739729 114792 34448 153751 180716 949160 546974 259967 285337 480222 22112 244869 685006 284311 467434 318220 764481 29163 34621 503064 484898 641178 919993 357976 664657 636985 539101 537435 649807 66548 118622 498187 54389 814000 30998 923862 596773 530765 710968 892957 543705 128230 759349 304118 808477 243168 621041 869419 950814 600743 332086 923646 167736 13825 123380 13528 274133 673718 299958 855982 384139 891196 47005 986401 53186 724604 842965 845338 184733 439125 65400 742567 190638
404797 278526 158171 446133 997364 55268 923161 92862 409411 463344 566379 127992 480369 546393 384193 775495 551453 316551 168759 604781 148259 889004 411612 487089 978462 892079 430737 13715 846681 801560 29379 738575 518784 758758 654342 438866 10395 11355 679176 771834 824716 135176 578169 818943 995693 464824 512208 213037 712825 890379 119056 30649 837211 207145 729296 484305 329181 743002 929753 293389 312215 746322 890803 545996 112277 295423 144034 342328 853040 561979 810636 943937 668122 361161 322874 552485 140449 178153 770970 937858 496339 543578 725466 776842 332807 978790 233743 80637 453336 564370 293839 803449 802044 787634 976077 157264 899085 854262 292937 713104
654499 104325 966417 430031 926385 482011 411537 912789 467627 351582 453186 623550 225806 135710 969680 38959 195974 622198 252189 753316 367601 362371 254573 136009 862694 140512 188463 20825 746891 347388 953116 576072 943105 701028 770579 538225 481640 248556 883071 447535 621917 943851 1840 625929 347157 119996 225182 399692 170229 106046 508331 360254 867439 159548 321878 126097 378096 260208 494199 685822 236331 150453 961433 712304 909179 255673 242962 85373 549841 221284 389956 373092 444617 85271 534087 891394 784255 944900 201655 936822 146234 183809 471943 600143 78567 76121 920823 899175 87089 201650 253754 680355 405478 754345 457070 341017 824874 666348 25993 590356
298525 664336 908907 491733 881920 696557 673815 398136 346802 884639 285037 202895 866819 751597 725461 428005 141473 171058 158741 376382 960520 960252 915508 990657 127099 472558 280276 505263 855126 975289 84901 975647 605059 805263 351464 612272 966302 194307 261851 224553 42893 2812 356545 218665 485715 629422 791367 930515 558396 648585 829220 834183 316126 671035 182919 173980 218896 470296 517278 474079 232252 463994 384888 453580 673509 742977 85609 67152 840460 254863 613287 344385 28746 914368 22849 222622 726660 921461 320143 939059 174166 233529 601441 13965 280109 184319 507050 719750 24286 671078 451159 657451 935510 416188 537522 840847 2423 237879 583853 506327
961159 767601 195297 747159 114601 617585 978137 281651 348365 546571 333656 339168 849716 969571 912484 363604 241417 841932 161570 128924 465108 765107 521233 758993 438682 16457 430805 110106 210981 542175 85596 276049 727976 607234 473850 771691 916624 795751 155433 497332 185419 513245 939832 223414 724962 510108 673466 554485 541152 118883 338741 570434 371964 607904 215681 627363 130186 7477 538860 551268 8569 834351 944154 863183 738151 730081 812704 500774 247799 558522 345499 490323 833923 298252 78956 725906 208351 516763 825782 128768 7174 712149 218598 603554 576546 158980 70286 976167 199539 699695 247297 967452 186304 873179 586464 16901 129572 849027 153908 23829
423881 208043 319935 536706 840746 648823 37322 685387 959105 436136 870985 75222 471479 815888 461605 265643 443580 14490 362991 849015 443379 85835 306451 832371 512112 863291 400144 394089 459369 722624 700290 952616 685966 861658 636501 223704 861227 99150 735799 618740 633881 81737 504092 585098 837535 569577 183431 124176 875084 929262 116604 699036 793668 845527 292172 25103 426127 957885 614219 637138 222325 683490 597368 366770 805775 440044 862705 514088 331120 325212 332574 969434 804316 845423 995936 800955 122784 466992 717311 680259 787466 56397 278787 87724 190077 23775 471797 525072 851035 269651 361416 841425 350014 939247 688600 692963 108922 394304 385925 820707
