100 1000000000
1
2
2
9
4
10
4
2
6
1
7
9
10
1
8
2
2
5
8
8
8
3
2
9
6
9
4
10
8
3
8
2
5
2
7
6
4
2
7
4
10
5
1
7
5
10
7
8
7
8
4
10
9
5
5
7
2
5
7
5
9
10
4
10
2
1
2
9
3
10
6
4
10
4
9
2
3
7
10
5
9
7
10
2
5
10
9
1
1
3
4
4
6
8
9
6
2
5
9
1
1
3
5
2
3
8
6
1
7
5
8
10
5
3
3
1
3
3
8
7
4
5
4
2
4
2
7
6
4
4
10
5
1
8
7
2
2
8
3
9
3
6
7
5
1
6
6
10
7
7
6
8
5
9
8
6
1
10
7
6
7
9
2
5
8
5
3
7
10
8
8
7
6
1
2
8
6
3
7
1
6
7
2
3
7
8
10
1
6
10
8
10
3
6
3
7
3
2
4
5
2
5
6
3
2
3
10
6
4
3
2
9
8
5
4
5
1
6
4
7
10
1
2
1
4
2
4
4
1
6
6
2
8
2
6
3
10
7
5
2
2
4
1
7
10
4
1
10
3
2
9
8
9
2
8
9
5
3
5
4
7
2
6
6
10
3
6
6
3
10
5
5
10
6
3
1
4
10
8
4
4
4
2
9
7
5
7
10
7
7
2
5
4
7
5
4
10
6
6
8
