100 1000000000
46
54
14
30
33
76
82
60
59
72
22
74
19
52
32
12
2
71
58
83
44
83
32
8
21
65
87
40
22
43
14
26
82
31
87
56
48
83
62
7
9
86
58
17
60
9
87
94
89
54
6
44
37
88
46
27
26
22
51
25
94
38
7
43
16
18
92
36
99
77
22
71
65
30
57
98
97
90
70
99
47
73
70
21
43
3
7
54
65
8
81
58
77
69
78
32
31
67
23
70
83
86
83
86
24
22
74
51
21
35
3
93
40
37
87
93
55
94
86
63
3
30
30
23
98
52
61
87
80
5
10
24
46
89
85
33
72
18
92
29
92
40
70
39
14
63
38
61
36
63
7
100
83
43
14
13
15
60
64
22
86
58
1
86
47
26
24
57
22
26
25
59
19
86
76
10
28
54
60
90
6
49
25
89
21
16
69
7
13
31
41
50
94
86
39
9
12
15
90
77
7
17
55
28
24
67
22
84
51
18
55
51
58
46
46
14
39
55
41
35
4
70
19
65
36
8
2
66
4
19
93
50
19
80
96
29
93
76
75
32
87
13
59
16
45
3
8
33
47
4
96
33
26
15
2
92
46
90
37
65
96
89
40
53
69
66
14
4
81
73
27
12
91
40
34
28
3
77
69
84
89
55
44
35
46
61
74
14
24
97
56
94
21
11
40
27
71
93
33
53
