100 1000000000
405
66
802
694
610
661
134
161
434
349
487
260
881
180
541
997
571
600
530
212
423
493
575
118
533
337
17
733
435
287
550
389
549
42
798
9
182
898
299
239
625
75
165
887
915
378
191
145
393
359
270
792
666
663
964
506
618
418
31
974
818
394
563
824
623
112
421
157
10
451
703
880
574
502
570
128
284
555
756
310
103
100
569
259
730
147
696
846
282
312
819
265
454
986
990
155
910
715
822
61
321
289
120
914
603
454
9
66
865
357
284
470
7
634
674
770
703
622
499
265
749
974
89
834
35
176
207
944
981
523
900
744
291
927
351
740
387
999
44
606
394
385
224
137
656
914
538
41
604
62
269
519
794
513
240
783
432
260
693
193
178
222
377
482
91
199
331
900
833
922
6
812
492
235
267
639
578
838
920
399
24
584
340
820
740
882
904
545
608
853
105
927
190
186
902
197
281
810
258
970
13
71
83
25
91
93
30
16
22
4
63
39
17
80
52
9
78
26
77
51
42
62
92
83
86
4
46
99
14
18
52
80
62
29
69
86
43
88
70
6
78
72
63
80
6
80
83
66
34
32
61
81
49
77
5
85
95
89
76
14
66
51
64
5
24
85
69
38
55
26
32
37
34
98
76
74
60
23
82
27
95
91
35
91
19
55
34
20
88
41
70
30
95
20
84
41
21
42
15
35
