100 1000000000
4743
2134
1653
4392
1537
3944
2762
2639
2789
1202
4027
4051
2268
2397
637
3481
4857
4365
4912
4761
630
676
3166
1154
484
3589
4719
4416
13
365
4157
1350
4407
3818
4443
4294
2486
3073
2009
277
3736
4661
3662
3558
4725
2798
4847
1790
4214
2287
859
4889
4337
3445
2878
3783
1863
3168
516
1484
4012
2489
3380
636
3280
399
624
2108
3399
2896
332
3163
1014
4733
1769
1525
2611
1796
934
221
2507
4863
3524
4879
474
4570
1430
1136
2251
4794
4380
1897
3967
488
3261
4082
4545
4136
1657
1343
4368
3280
1416
2143
1142
2005
3166
546
4224
3785
1192
933
4652
3194
4275
1843
1513
2825
4295
4356
1959
3144
1168
1004
3195
80
1768
4995
4891
4346
2238
4644
4709
3776
2731
2481
3671
338
1603
1458
961
4487
3949
4819
3876
951
2367
995
1664
3273
2373
2461
2493
4190
114
3610
2094
2988
224
1867
686
3195
794
3127
840
4017
4472
4042
4063
1201
4120
142
3504
2210
3721
408
3912
115
1107
318
3032
4601
2226
4074
489
4297
3468
1250
163
2510
1109
2979
1717
3639
282
3942
2649
3290
1385
903
5
373
664
422
137
151
620
647
783
700
905
536
91
869
813
213
755
847
616
30
989
937
399
885
9
557
911
339
843
361
921
727
470
439
982
950
469
441
107
6
209
799
934
175
624
760
8
534
316
939
352
728
880
618
554
786
758
146
249
127
18
199
208
360
117
161
857
995
940
158
418
209
831
440
561
163
137
796
150
844
58
495
300
233
582
14
14
926
599
698
642
240
894
803
609
977
432
624
945
361
