100 1000000000
5457
8228
1804
3910
3442
5019
4005
5320
8001
3589
5560
2693
5093
5576
8145
6752
8147
370
8549
8468
1506
8756
3196
4120
1209
326
5334
4464
7532
4049
8166
1654
8925
7583
6929
466
2763
7425
9927
7932
5728
8788
8855
7256
2617
2591
5673
2967
7256
3820
2136
1272
4014
6567
2223
5382
7415
608
1005
2740
3686
1475
9044
2316
8786
5137
4366
9237
1097
4653
9218
8741
2206
1596
505
2476
8829
3311
8069
7835
5583
3663
4862
1649
8488
9672
7479
6671
2171
9478
563
9256
5972
7435
4335
1975
551
9759
621
5464
4099
9058
8684
4110
3769
9694
7574
7295
3529
9977
7634
2627
712
9700
2957
6544
4240
3784
6062
3340
1654
2391
9338
6546
1453
7742
4464
3293
8363
6393
3563
2908
3762
2790
8115
7420
9551
791
8726
8105
1730
6069
3184
5493
873
2103
7332
8550
7615
9640
8806
8199
4124
5928
8822
2511
3277
9799
361
5667
4203
3009
503
9966
2137
547
5738
8153
5931
1423
4167
1973
6075
8557
9710
193
7829
8722
4126
2303
3430
4286
7223
3583
544
3822
3670
3459
3559
7156
1053
3269
1448
446
2705
8627
3606
8834
4424
5135
17
199
381
982
105
377
65
872
690
920
783
445
976
584
767
328
332
587
481
977
606
629
669
697
110
711
675
811
114
3
689
742
777
422
532
119
329
367
314
74
992
6
210
724
819
941
118
898
532
554
636
708
834
646
376
43
9
11
975
315
589
13
461
452
25
543
150
765
756
351
15
622
854
872
644
234
966
426
784
486
779
741
87
47
269
493
454
106
480
327
97
443
345
570
921
776
261
86
481
212
