100 1000000000
4460
1865
8582
5543
8340
6911
7653
7825
923
2013
22
6206
837
495
916
8311
1663
3790
1514
3416
7724
6389
6153
4456
2412
7963
4546
1534
3229
6702
4756
1031
9721
1653
4973
3503
3522
513
6211
9057
2252
568
7231
3529
8250
9062
6204
966
6899
2579
6939
359
5792
796
3814
9160
8263
1359
6373
525
4700
6049
2958
2382
7565
3018
4776
6283
5493
6414
1643
2504
8772
6921
8205
9873
6369
653
770
7655
3061
4163
321
8449
1332
4900
5788
8372
7146
6102
9210
8091
4501
7838
9144
4349
3987
2627
846
675
74
5615
7982
4262
9837
3175
4953
7950
3147
3108
872
9584
9565
3036
3605
6938
9718
2465
2287
3083
6609
7622
131
9560
7106
7678
1161
428
4370
2235
4334
8600
5098
3768
8075
4020
6274
6081
4670
697
3887
7961
4246
4632
6756
8653
9080
9662
5910
8864
2342
3091
3034
6175
6493
7954
9315
4573
6175
8525
1655
784
3372
1233
7935
1767
4680
1329
7769
1851
3303
9042
2916
5484
367
4164
1109
8805
2539
168
5630
5953
2683
7534
5979
927
315
1373
9482
4943
6619
8390
3458
395
6434
7137
5288
9885
9446
1811
4877
8573
1070
8728
3101
2265
5429
5451
6873
9278
5531
6702
5650
6921
2456
8194
2753
109
3087
5317
189
6094
7996
7689
7991
158
8516
5633
9782
3544
4848
4617
88
4873
1382
8108
3063
6224
8929
987
3084
3839
6799
5705
660
6828
7934
564
7024
4260
5750
1629
1940
7454
9934
8920
8658
4395
639
8953
7369
1751
4890
9901
5529
5694
9133
8767
9849
2368
3530
8342
3823
8411
1282
8044
1921
309
6679
5005
5103
7507
9407
5434
2830
483
7663
7803
5878
3523
1540
4043
5158
2878
4431
8443
239
65
4260
2030
