100 10000000000
1
1
1
1
1
1
1
1
1
1
1
1
1
1
1
1
1
1
1
1
1
1
1
1
1
1
1
1
1
1
1
1
1
1
1
1
1
1
1
1
1
1
1
1
1
1
1
1
1
1
1
1
1
1
1
1
1
1
1
1
1
1
1
1
1
1
1
1
1
1
1
1
1
1
1
1
1
1
1
1
1
1
1
1
1
1
1
1
1
1
1
1
1
1
1
1
1
1
1
1
873
811
931
795
31
646
579
716
944
340
284
96
212
755
743
722
66
886
819
192
842
330
260
470
133
189
757
593
530
383
681
767
138
466
20
780
137
218
511
976
120
198
158
568
749
956
239
900
993
605
929
262
588
129
871
146
367
65
854
229
850
962
990
383
149
477
163
474
553
281
376
537
128
590
993
185
382
658
239
177
322
646
217
484
159
884
576
279
662
931
471
187
564
146
168
536
772
256
792
999
1
1
1
1
1
1
1
1
1
1
1
1
1
1
1
1
1
1
1
1
1
1
1
1
1
1
1
1
1
1
1
1
1
1
1
1
1
1
1
1
1
1
1
1
1
1
1
1
1
1
1
1
1
1
1
1
1
1
1
1
1
1
1
1
1
1
1
1
1
1
1
1
1
1
1
1
1
1
1
1
1
1
1
1
1
1
1
1
1
1
1
1
1
1
1
1
1
1
1
1
