100 10000000000
1
1
1
1
1
1
1
1
1
1
1
1
1
1
1
1
1
1
1
1
1
1
1
1
1
1
1
1
1
1
1
1
1
1
1
1
1
1
1
1
1
1
1
1
1
1
1
1
1
1
1
1
1
1
1
1
1
1
1
1
1
1
1
1
1
1
1
1
1
1
1
1
1
1
1
1
1
1
1
1
1
1
1
1
1
1
1
1
1
1
1
1
1
1
1
1
1
1
1
1
7605
9373
5275
8804
907
2533
2601
811
2281
2642
2616
865
2897
8284
3920
313
1601
4825
7736
6350
6294
4992
2280
2910
8351
9021
6359
2156
1837
8301
362
1052
6105
1184
169
8170
9210
566
7274
1687
3727
382
3241
3283
6108
810
3072
9875
8579
3765
4022
6123
8513
4801
5422
842
2780
1900
8424
7987
688
4594
4603
5753
9372
1315
4360
919
684
50
5263
7919
6100
8040
2529
8178
8827
9588
4799
604
5600
8275
9159
2731
3447
5473
4051
4818
6977
7511
6231
122
6658
9193
4045
4676
3141
3004
158
3464
1
1
1
1
1
1
1
1
1
1
1
1
1
1
1
1
1
1
1
1
1
1
1
1
1
1
1
1
1
1
1
1
1
1
1
1
1
1
1
1
1
1
1
1
1
1
1
1
1
1
1
1
1
1
1
1
1
1
1
1
1
1
1
1
1
1
1
1
1
1
1
1
1
1
1
1
1
1
1
1
1
1
1
1
1
1
1
1
1
1
1
1
1
1
1
1
1
1
1
1
