1000 100
3 6
18 3
23 7
32 8
46 3
49 8
52 8
72 5
78 3
80 8
89 0
99 1
108 6
117 7
131 0
132 9
143 7
154 8
155 3
162 3
177 0
184 4
205 5
208 3
210 2
257 0
294 7
299 2
303 0
317 5
331 0
341 0
354 6
360 2
361 5
366 0
382 7
387 4
396 1
399 8
400 6
405 9
408 0
415 5
431 5
433 2
454 4
456 1
468 6
472 2
478 8
481 5
521 0
529 8
544 3
547 9
564 6
584 9
598 0
605 5
617 2
626 3
635 4
651 5
653 0
655 3
656 5
695 0
696 5
702 5
703 5
710 4
717 8
718 3
720 3
729 4
733 0
744 1
750 6
752 4
754 3
768 0
777 7
808 9
810 5
811 9
818 9
837 0
871 7
890 7
897 5
911 7
918 3
925 6
926 5
931 2
937 2
955 5
979 3
998 3
