1000 100
1 12
30 1
36 14
38 14
39 13
47 5
56 9
59 5
93 17
111 18
115 1
129 8
153 3
165 9
166 15
179 9
184 9
186 8
217 14
221 3
224 1
225 11
227 16
228 4
233 17
255 12
259 5
287 11
301 12
351 2
375 12
378 3
403 1
405 4
424 4
427 17
436 2
453 4
464 3
469 11
481 13
482 15
491 6
507 19
512 6
513 16
518 19
523 3
530 18
555 17
581 4
605 7
606 16
607 8
610 5
617 14
625 14
642 19
648 10
649 3
658 3
661 4
667 7
672 2
681 7
683 16
704 9
705 12
718 8
729 4
733 13
743 18
758 2
776 14
778 7
792 8
797 6
822 11
826 0
830 12
832 18
833 18
853 18
859 8
867 15
873 19
874 19
894 3
898 16
904 19
906 16
920 6
923 0
934 12
937 10
958 14
965 15
977 11
980 11
994 19
