1000 900
1 0
2 0
3 1
4 1
5 0
6 1
7 1
8 1
9 1
10 0
11 1
12 0
14 0
16 0
17 1
18 1
19 0
20 0
21 0
22 0
24 1
25 0
26 0
27 1
28 1
29 1
30 0
32 0
33 1
37 0
38 1
39 1
40 1
41 0
42 1
43 0
44 0
45 1
46 1
47 0
48 1
49 1
50 0
51 0
52 0
53 0
54 1
55 1
57 0
58 1
59 0
60 0
61 0
62 0
63 0
64 0
65 0
66 0
67 0
68 1
69 0
70 0
71 1
72 0
73 0
74 1
75 1
76 0
77 0
78 0
79 1
80 1
81 1
82 0
83 1
85 0
86 1
87 0
89 0
91 1
92 1
93 1
94 1
95 1
96 0
97 1
98 1
99 1
100 0
101 1
102 0
104 0
105 0
106 1
107 0
108 1
109 1
110 1
111 1
112 1
113 0
114 1
115 1
116 0
117 1
118 0
119 0
120 1
121 0
122 0
123 0
124 0
126 0
127 1
128 0
129 0
130 1
131 0
132 1
134 1
135 1
136 1
138 1
140 0
141 0
142 0
143 1
144 1
145 0
146 0
147 1
148 0
149 0
150 0
151 1
152 1
153 1
154 0
156 0
158 1
159 1
161 1
162 1
163 1
164 1
165 1
166 1
167 0
168 1
169 1
170 1
171 1
172 1
173 1
176 1
177 1
178 1
179 0
180 0
181 0
182 0
184 1
186 0
187 1
188 0
189 0
190 1
191 1
193 0
194 1
195 1
196 1
197 0
198 0
199 1
200 0
201 0
202 1
203 0
204 1
205 1
206 1
207 0
208 0
209 1
210 0
212 0
213 1
214 0
215 0
216 0
217 1
219 0
220 0
221 1
222 0
223 0
224 1
225 0
226 0
227 0
229 0
230 1
231 0
232 1
233 1
234 1
235 1
237 1
238 1
239 1
240 0
241 1
242 1
243 0
244 1
245 0
247 1
248 1
249 1
250 0
251 1
252 0
253 1
254 0
255 0
256 0
257 0
258 0
259 1
260 0
261 1
262 1
263 0
265 0
266 1
268 0
269 1
270 1
271 1
272 1
273 1
274 0
275 1
276 0
277 1
278 0
279 1
280 1
281 0
282 0
283 0
284 0
285 1
286 0
287 0
288 1
289 1
290 0
291 0
292 1
293 1
294 1
295 1
296 1
297 1
299 0
300 1
301 1
302 1
303 1
304 1
305 1
307 1
308 1
309 0
310 1
311 0
312 1
313 0
314 0
315 1
316 1
317 0
318 0
319 0
320 1
321 0
322 1
323 0
324 0
325 1
326 0
328 1
329 0
330 0
331 0
332 1
333 0
334 1
336 1
337 0
338 0
339 1
340 1
341 1
342 1
343 0
344 1
345 0
346 0
347 1
348 1
349 1
350 1
351 1
354 1
355 0
356 0
357 1
358 0
360 0
361 1
362 1
363 0
364 0
365 1
366 0
367 0
368 1
369 0
370 0
371 1
372 1
373 1
374 1
375 1
376 0
377 1
378 0
379 0
380 1
381 0
382 0
383 0
384 0
386 1
387 0
388 1
389 1
390 0
391 0
392 0
393 1
394 1
395 1
396 1
398 0
399 0
400 0
401 0
403 1
404 1
405 0
406 0
407 1
408 1
409 0
410 1
411 0
412 0
413 0
414 1
415 1
416 1
417 1
419 0
420 1
421 0
422 1
423 1
425 0
426 1
428 0
429 1
430 0
431 0
432 0
433 1
434 1
435 1
436 1
437 0
438 0
439 0
440 0
441 0
442 0
443 1
444 1
445 0
446 0
448 1
449 1
450 0
452 0
453 1
454 0
456 0
457 1
458 1
459 0
460 1
461 0
462 1
463 0
464 0
466 1
467 0
468 0
469 1
470 1
471 1
472 1
473 1
474 1
475 1
476 1
477 0
478 0
479 0
481 1
482 0
483 0
484 0
485 1
486 1
487 1
488 1
489 1
490 0
491 1
492 1
493 1
494 0
495 0
496 1
497 0
498 1
499 1
500 0
501 1
502 0
504 1
505 1
506 0
508 1
509 1
510 1
511 0
512 0
513 1
514 0
515 0
516 0
517 1
518 0
519 1
520 0
521 1
522 1
523 1
524 0
525 0
526 0
527 1
528 1
529 0
530 0
531 1
533 0
534 0
535 0
536 1
537 1
538 1
540 0
541 0
542 0
543 0
544 1
546 0
547 0
548 0
549 1
550 1
551 0
553 0
554 0
555 1
556 0
557 0
559 0
560 1
561 0
563 0
564 0
565 1
566 1
567 1
568 0
569 0
570 0
571 1
572 1
573 0
574 0
575 0
576 1
577 0
578 0
579 0
580 1
581 1
584 0
586 0
588 0
589 1
590 1
591 0
592 1
593 0
594 1
595 1
596 1
597 1
598 0
599 1
601 1
602 0
603 1
604 1
605 1
606 1
607 0
608 0
609 0
610 1
611 0
612 1
614 1
615 1
616 0
617 0
618 0
619 1
620 0
621 1
623 1
624 0
625 1
626 1
627 1
628 1
629 0
630 1
631 1
633 1
634 0
635 0
636 1
637 1
638 1
639 1
640 1
642 1
643 1
644 1
645 0
646 0
647 0
648 0
649 1
650 1
651 1
652 1
653 1
654 0
655 0
656 1
658 0
659 1
660 0
662 1
663 0
664 1
665 1
666 1
667 0
668 1
669 1
670 0
671 1
672 0
673 1
675 0
678 1
679 1
680 0
681 1
682 1
684 0
685 1
686 1
687 1
688 0
689 0
691 1
692 1
693 1
694 1
695 1
696 0
697 0
698 1
699 0
700 1
701 1
702 1
703 0
705 0
706 0
707 0
708 1
709 0
711 0
712 1
713 1
714 1
715 0
716 0
717 1
718 1
719 0
721 1
722 1
723 1
724 0
725 0
726 0
728 0
729 0
730 1
731 1
732 1
733 0
734 1
735 1
738 1
739 0
740 0
741 1
742 0
743 0
744 0
746 1
748 0
749 0
750 0
751 0
752 1
753 1
754 1
755 0
756 0
757 1
758 0
759 1
760 0
761 0
762 1
763 1
764 1
765 0
766 1
767 0
768 1
770 0
771 0
772 1
773 0
774 0
775 0
776 0
777 0
778 0
779 1
780 1
781 1
782 1
783 1
784 0
785 1
786 1
787 0
788 0
790 0
791 1
792 0
793 1
794 1
795 0
796 0
797 1
798 1
799 1
800 1
801 0
802 1
803 0
804 1
805 1
807 0
808 1
809 1
810 0
811 0
812 0
814 1
815 1
816 0
817 1
818 0
819 0
820 0
821 0
822 1
823 1
824 0
825 1
826 0
827 0
828 0
829 0
830 1
831 0
832 0
833 1
834 0
835 1
837 0
838 1
839 0
840 1
841 1
842 1
843 0
844 0
845 0
846 0
848 0
849 1
850 1
851 0
852 0
853 0
854 0
855 0
856 0
857 0
858 0
859 0
860 1
861 1
862 1
863 1
864 0
865 1
866 1
867 0
868 0
869 0
870 0
871 1
872 1
873 1
874 1
875 1
876 1
877 1
878 1
879 0
880 1
881 0
882 0
883 0
884 1
885 1
886 0
887 0
888 1
889 1
890 1
891 0
892 0
893 1
894 1
895 0
896 1
897 1
898 1
899 1
900 0
901 0
902 0
903 0
904 0
905 0
906 1
907 1
909 1
910 0
913 0
914 1
915 1
916 1
917 1
918 0
920 0
921 1
922 1
924 1
925 1
927 0
928 0
929 0
931 1
932 0
933 0
934 1
935 1
936 0
937 0
939 1
940 0
941 0
942 1
943 1
944 0
945 0
946 0
947 0
948 1
949 0
950 0
951 1
952 0
953 0
954 1
955 0
956 1
957 0
958 1
959 1
960 0
961 0
962 1
964 0
965 1
966 0
967 0
968 0
969 0
970 0
972 1
973 1
974 1
976 1
977 0
978 0
979 0
980 1
981 0
982 0
983 0
984 0
985 0
986 0
987 1
988 0
989 0
990 0
991 1
992 1
993 1
994 1
995 0
998 1
999 0
1000 0
