1000 900
1 4
2 2
3 1
4 0
5 4
6 3
7 2
8 4
9 3
10 2
11 1
12 2
13 0
14 4
15 0
17 3
18 3
19 0
20 4
21 1
22 1
23 1
24 0
25 1
26 3
27 4
28 2
29 0
30 3
31 2
32 1
33 1
34 0
35 1
36 3
39 1
40 2
41 0
42 4
43 0
44 0
45 4
46 4
47 4
48 1
49 3
50 4
51 2
52 4
53 2
55 1
56 0
57 1
58 4
60 1
61 4
62 0
63 0
64 4
65 1
66 4
67 2
69 1
70 2
71 2
72 1
73 1
74 2
75 4
77 3
80 3
81 1
82 3
83 3
84 0
85 0
86 2
87 1
88 0
89 4
90 2
91 3
93 4
94 3
96 0
97 4
98 0
99 3
100 1
101 2
102 0
103 0
104 0
105 3
106 2
107 4
108 2
109 3
110 3
112 1
113 0
114 4
115 1
117 4
118 2
119 3
120 2
121 0
122 2
123 2
124 2
126 4
127 3
128 1
129 1
130 1
131 4
132 4
133 3
134 1
135 4
136 1
137 4
138 3
139 2
141 0
142 3
143 3
144 1
145 3
146 1
147 4
148 2
149 2
150 1
151 4
152 1
153 4
154 3
155 2
156 2
157 0
158 0
159 2
160 3
161 1
162 4
163 2
164 2
165 2
166 0
167 2
168 3
169 1
170 1
171 3
172 3
173 0
175 1
176 2
177 3
178 4
179 1
180 4
181 3
182 0
183 1
184 1
185 3
186 1
187 4
189 1
190 1
191 4
192 1
193 3
194 2
195 1
196 1
197 1
198 2
199 2
200 2
201 1
202 4
203 2
204 0
205 3
206 3
207 4
208 3
209 2
210 4
211 4
212 4
213 0
214 3
215 3
216 3
217 0
218 0
219 0
220 1
221 4
222 2
223 0
224 2
225 0
226 2
228 0
229 1
231 1
232 1
233 1
234 2
235 0
237 1
238 3
239 3
240 3
241 3
242 4
244 4
245 3
246 3
248 2
249 1
250 1
251 3
252 1
253 4
254 4
256 3
258 1
259 1
260 0
261 0
262 1
263 0
264 1
265 1
266 3
267 4
268 4
269 4
270 1
271 2
272 3
273 4
274 2
275 0
276 4
277 0
278 4
279 1
280 0
281 4
282 0
283 3
284 0
285 1
286 4
287 2
288 1
289 0
290 1
291 4
293 2
294 1
295 3
296 4
297 0
298 1
299 1
300 3
301 0
303 0
304 2
308 3
309 3
310 1
311 2
312 3
313 3
314 1
315 0
316 0
317 4
318 2
320 4
321 2
322 0
323 1
325 4
326 3
327 4
328 0
329 2
330 0
331 1
332 2
333 4
334 2
335 3
336 4
337 1
338 1
339 1
340 2
341 3
342 0
343 1
344 1
345 3
346 4
348 1
349 4
350 1
351 1
352 1
354 4
355 3
356 4
357 0
358 4
359 0
360 0
361 0
362 4
363 4
364 1
365 4
366 3
367 0
368 0
369 4
370 0
371 4
372 4
373 3
374 0
376 4
377 2
378 0
380 4
381 4
382 2
383 3
385 3
387 1
389 1
390 0
391 2
392 2
393 0
394 2
395 2
396 2
397 0
398 3
399 3
402 4
404 2
405 2
406 3
407 0
408 3
409 4
411 4
412 2
413 3
414 2
415 2
416 3
417 4
418 1
419 3
420 3
421 0
422 3
423 4
424 0
425 4
426 0
427 4
428 0
429 2
430 3
431 4
432 0
433 4
434 2
435 3
439 1
440 4
441 3
442 3
443 0
445 1
446 2
447 3
448 4
449 1
451 0
452 0
453 1
454 0
455 4
456 2
457 2
458 3
459 0
460 4
461 4
462 0
463 1
464 2
465 3
466 0
468 3
469 4
470 0
471 2
472 2
473 4
474 2
475 0
476 1
477 1
478 3
479 2
480 1
481 1
482 1
483 1
484 2
485 2
486 3
487 0
488 1
489 4
490 3
491 4
492 3
493 1
494 0
495 2
496 3
499 4
501 3
502 4
503 4
504 3
505 1
506 1
507 2
508 3
510 3
511 2
513 1
514 1
515 1
516 3
518 0
519 2
522 2
523 0
524 2
525 0
526 4
529 1
530 2
531 4
532 0
533 0
534 0
535 0
536 1
537 1
538 4
539 2
540 1
541 1
542 4
543 0
544 2
545 4
546 1
547 2
549 2
550 0
551 0
552 1
553 4
554 2
555 4
556 4
557 2
558 2
559 0
560 2
561 2
562 2
563 1
564 3
565 4
566 3
567 1
568 3
569 1
570 1
571 0
572 3
573 3
574 4
575 4
576 0
577 2
578 1
579 1
580 1
581 2
582 2
583 3
584 2
586 0
587 1
588 4
589 0
590 0
591 0
593 4
594 1
595 1
596 0
597 2
599 4
600 3
601 2
602 0
603 0
604 4
605 1
606 0
608 1
609 3
610 1
611 4
613 2
614 4
615 2
616 1
617 4
618 2
619 2
620 1
621 0
622 0
623 1
624 2
625 0
626 2
627 1
629 0
630 0
632 1
633 1
634 2
636 1
637 2
639 4
640 0
641 0
642 4
643 2
644 4
645 2
646 0
647 2
649 1
650 2
651 1
652 3
653 4
654 0
655 1
656 1
657 3
658 3
659 4
660 3
661 1
662 0
663 0
664 1
665 3
666 4
667 0
669 2
670 1
671 1
672 4
673 2
674 2
675 2
676 2
678 1
679 3
680 0
681 3
682 3
683 4
684 2
686 2
687 2
688 1
689 4
690 1
691 1
692 0
693 3
694 1
696 1
697 3
698 4
700 4
701 0
702 1
703 4
704 4
705 1
706 2
707 1
708 2
709 3
710 4
711 3
712 4
714 4
715 1
716 1
717 4
718 1
719 4
720 3
721 4
722 3
723 4
724 1
725 0
726 1
727 3
728 2
729 4
730 0
731 3
732 4
733 3
736 3
737 1
738 2
740 1
741 4
742 4
743 3
744 1
745 4
746 1
747 4
748 4
749 3
750 0
751 0
752 2
753 3
754 3
755 0
756 2
757 3
758 0
759 1
760 4
761 3
762 0
763 4
765 4
766 4
767 2
768 3
769 1
770 1
772 3
773 0
774 2
775 4
776 0
777 2
778 0
779 0
780 3
781 3
782 4
783 0
784 4
785 3
786 4
787 3
788 4
789 0
790 2
791 1
792 0
793 3
794 3
795 2
796 4
797 3
798 4
799 0
801 3
802 2
803 0
804 4
805 1
806 1
807 2
808 3
809 0
810 4
811 2
812 2
813 2
814 1
816 3
817 0
818 2
819 0
820 4
821 1
822 1
823 0
824 4
825 1
827 4
828 0
829 3
830 4
831 2
833 3
834 0
835 3
836 3
837 0
838 2
839 1
840 1
842 0
843 4
844 3
845 2
846 2
847 1
848 3
849 3
850 3
851 4
852 3
853 4
854 0
855 0
857 3
858 3
859 3
860 1
861 0
862 3
863 0
864 0
865 4
866 1
867 0
869 2
870 2
871 2
872 4
873 0
874 1
875 4
876 4
877 4
878 1
879 0
880 4
881 0
882 0
883 2
884 1
885 3
886 2
887 4
889 2
890 1
891 2
894 0
896 3
897 1
898 4
899 1
900 3
901 1
902 1
903 2
904 0
905 2
907 0
908 3
909 1
910 3
911 0
912 0
913 4
914 2
915 2
916 4
917 1
919 1
920 2
921 4
922 3
923 0
925 2
926 2
927 4
928 4
929 2
931 2
932 1
933 0
934 1
935 4
936 4
937 4
938 3
939 0
940 3
941 4
942 2
943 1
944 2
945 1
947 3
948 1
949 4
950 4
951 3
952 3
953 2
954 2
955 0
956 0
957 2
958 1
959 4
960 2
961 2
962 3
963 2
964 4
965 4
966 3
967 1
970 0
971 2
972 0
973 0
974 1
975 0
976 3
977 1
978 1
979 0
980 4
981 3
982 3
983 0
984 0
986 4
987 2
988 3
989 4
990 4
991 0
992 3
993 4
994 3
995 0
996 0
997 3
999 1
1000 2
