1000000000 1000
165325 47
272390 55
340715 81
583902 30
1186577 50
5116867 75
5259164 4
5516810 86
6032025 81
7673375 76
7814871 97
8495249 10
8526336 22
8852409 54
10720182 51
11304783 82
12261293 27
13227122 13
13726991 73
14894949 28
15474662 33
15581876 21
15883315 90
16013107 35
16208821 21
16415357 98
17861577 33
19051422 75
19189222 62
19869160 23
20887460 30
21300364 65
23158886 40
23334771 45
23368990 73
24997843 97
26458905 17
27037784 13
27380027 32
28436002 17
31045949 19
31145820 24
31404209 19
32401819 63
32542075 68
36798334 69
37016596 0
37035388 87
37298261 36
38448074 48
39933746 22
42575843 92
43042609 19
43498437 78
43885167 59
44318936 7
45187256 65
45846927 98
46456382 64
46648705 79
46824882 48
48588098 35
48595917 77
49929731 36
50023720 39
51563151 3
51633344 25
52481956 90
52820482 25
53152090 6
54328234 85
54816184 15
56010097 46
56338295 70
57732397 44
59022394 76
59222446 92
59486249 19
60698972 54
60863698 10
60977231 79
62017258 81
62717606 90
63689351 81
64158928 22
64428672 44
67047611 48
67367588 56
67451160 66
67585819 55
68728016 80
68823953 13
69003984 20
69073789 25
69219054 5
69592491 12
70065398 52
70636673 61
71280563 99
72164549 65
72173870 8
74467606 39
76474763 61
77326891 0
79310634 71
82007776 82
82671403 0
83343455 29
84109941 53
86785449 2
86940412 96
88414574 7
88593456 72
90546475 43
90954161 20
91269395 2
91406056 88
91685665 46
92203614 67
92414769 53
94991673 9
94995038 81
95088617 13
95265313 17
96382179 88
97675038 24
98440879 48
99651340 58
100125275 13
100986106 70
102216051 72
102854523 47
103151136 14
103338046 74
103368917 36
104230997 76
104710336 89
104983465 59
106950280 45
110716107 60
111102818 60
113612548 63
113675972 86
115095934 45
118120243 0
118216599 31
119078012 97
119125960 0
119567426 8
119625871 73
121489752 31
123222036 85
123297886 56
123310227 79
124232005 30
124301463 17
125120993 34
126968137 52
127157801 80
127219359 44
128250836 86
129138031 90
130338224 5
130934054 1
132348866 63
132611488 71
132720306 71
132850540 61
133022954 56
133214382 56
133394517 42
133517353 18
134825781 86
135537280 16
138008696 70
138983870 36
139497442 18
140415550 75
141020318 70
141172427 31
141739242 50
143292224 61
143460196 11
143922231 10
144831077 18
144875033 34
146562994 31
146582458 56
148573417 92
149297796 61
153290278 80
154381973 3
154731682 75
155128706 89
157476372 34
160090806 99
162890828 10
162936105 26
163405487 7
164014673 45
164075703 86
166835050 77
166854492 77
167506051 81
169463795 61
171584402 1
171826233 53
172800817 60
173796659 66
174585863 64
175439120 83
175993342 71
176912340 2
178222731 46
178273472 69
178692259 3
179089599 83
179613064 16
179709463 80
183298667 42
183831962 50
184002160 99
184266009 71
184326385 35
184564250 85
185895059 37
187884833 92
189491049 73
192708174 20
195507947 19
197789086 19
198692437 63
198776288 6
199324402 91
199485816 34
199497011 78
199746420 4
200596443 10
200771743 88
202088076 40
202095762 69
203079795 21
205020099 7
205139181 14
205454312 57
205845615 62
208734934 31
209351887 3
211283362 35
214557373 35
216064820 12
218748159 77
221095116 93
221652834 24
221772650 68
224650934 6
225017056 52
225302289 8
226095035 82
228341964 57
228426421 35
229727682 7
229743734 96
229919075 4
230032346 77
231462525 98
231844347 81
235722426 3
236003963 9
236518892 92
237514976 8
239804943 84
239896451 90
241843971 95
242336425 22
243389347 33
244351617 23
244729148 14
246341966 95
246769361 61
246808870 74
247009565 71
248211929 60
248811688 15
251171067 4
251538098 8
251941400 14
253140017 87
253469942 30
253866395 50
255242662 5
256137611 15
256404918 23
256574630 30
256728411 65
256765056 50
256927624 97
258603474 1
259161514 65
260432699 25
260696557 45
261935818 73
262484874 42
264178432 5
264878113 81
265164417 96
268541320 41
270175436 14
270473088 5
271391859 73
271767338 27
274121394 76
274573109 5
274601733 37
275505041 13
276381972 89
276865406 12
277290264 51
277608219 5
279969621 54
280813238 87
282332872 39
283095532 50
283151030 9
283925115 40
285264753 92
287729952 21
288286219 48
288307501 65
288838187 42
289339194 28
290223502 84
294319285 83
295799991 18
295845976 29
295874071 67
297067198 68
297736169 1
297957816 98
298257774 60
298500346 27
299467254 59
300874684 45
302645321 36
302993574 96
303367476 47
303652470 2
304059201 35
305046120 13
307380305 95
307798087 84
308164417 26
308272636 36
308513397 25
309857121 47
310751312 42
311006318 9
312625369 79
313117588 90
315059709 54
315689601 84
316690072 84
317158493 7
320369731 66
321374689 98
322355861 20
323150022 36
323330321 84
323394609 22
323887328 5
324340074 85
325248273 88
325479589 83
331555321 5
334422688 45
336829059 46
336914713 56
336937109 18
337118971 79
338978215 23
339366393 90
339704663 64
340163368 27
340845796 89
342401037 77
344218645 9
344544153 30
345000348 92
346551518 19
350226928 59
351283535 46
352220699 9
353065702 76
357662707 47
361838860 75
362472603 20
363971323 27
364912898 88
366921980 95
366940150 63
367917040 11
369007722 96
369174600 79
369928055 2
370188575 63
370409938 92
370547051 2
371603763 28
373351009 51
374623191 74
376066031 59
377039242 30
378434526 25
379912804 1
381259701 71
381444407 34
381806974 30
384018424 68
384075360 97
385103156 54
385248207 95
385314964 20
385486459 52
385519023 24
386950044 74
387391846 39
387455029 58
389152212 54
389817911 97
390188547 62
390231072 13
391329564 55
392190505 57
393252571 25
393846771 2
394321643 53
394392594 62
395457521 89
396862531 54
398702749 21
398716089 2
399340047 80
400787097 20
404853028 67
406950662 70
409798959 4
411046290 44
411769444 91
412473544 7
413862200 34
413892324 43
415190687 24
415703196 38
418159878 84
418545667 71
418669153 20
419894067 94
420468743 84
420579495 35
421939314 88
422476874 34
422776661 91
422902258 7
423333678 67
424683553 24
424937038 45
425913293 49
426568608 80
427204558 64
430817605 56
431015387 64
431600867 75
432601720 66
433682736 32
433958430 73
434867541 36
436092303 7
436240405 13
436803685 17
436861712 54
436871572 27
437407507 4
439500128 91
441628155 77
441653341 99
446519926 59
447818987 14
449841146 77
451311704 56
451806260 65
453058369 38
453575623 43
454224166 67
454413344 2
455347386 58
456499080 27
456548866 29
457039623 10
457799317 2
458556690 24
459561836 2
460293568 53
461411479 61
462335741 0
462671801 22
462803842 39
463123257 78
465823743 5
466381146 37
475225748 69
476097152 78
479939294 84
479952997 37
481710842 13
482152694 56
482494929 17
482560887 89
482986457 38
483084595 69
484478096 29
485439284 70
486637866 25
487297787 4
488387053 20
489135424 5
489349491 64
490391652 88
491679266 88
492006700 61
494246125 81
494452806 78
495138526 12
495346903 28
496713951 92
496827675 65
497590478 94
497779823 24
500027741 58
500690808 20
501280358 81
501461959 78
501519678 76
504443767 69
504735040 18
504755885 9
505209663 3
505953621 33
507173994 87
508201049 25
509037600 26
509070634 73
509188223 77
509631859 32
509851189 52
511404878 41
512915723 58
513115581 56
513904572 83
514476044 91
514949868 28
515737272 96
515838570 36
516532301 10
517764447 39
517905580 15
521328853 3
522772204 22
523357544 71
523739723 54
523951909 61
525397518 24
525547845 91
525548671 4
526725524 20
527156460 53
528629489 88
529667249 92
529875238 44
531442931 83
531587127 55
534949145 48
535540395 5
536818723 30
537472616 48
538696691 74
539209310 66
539521828 45
540104656 3
540584132 10
540954636 43
542220958 57
543133714 37
544560259 4
545395047 0
545896913 41
546042001 47
547174648 48
547862351 3
548074754 99
550671048 37
551868415 15
552993836 79
555282229 49
558427030 60
559116381 20
560627834 31
561451066 2
561463458 42
562035278 23
562214560 28
562701134 41
562804762 57
563801460 31
564315535 70
564879829 64
565654393 63
566740562 51
566974210 49
569023767 7
569252391 66
571544157 74
573305204 46
574556624 90
575302159 92
577964765 6
581806259 95
582347191 86
582593959 68
583405677 85
586813772 78
589525098 21
591074348 29
594305541 18
594961071 32
595678586 24
597481393 65
597531800 42
597963559 68
600170508 91
600926253 80
601100565 73
603204199 6
604011172 93
604441363 61
604928986 80
608956238 76
610509956 27
611883407 32
613157362 38
613799767 47
614193182 56
614950776 30
616110132 59
616617819 3
617395737 46
618523273 94
618534592 50
618793613 83
620138559 91
620234326 91
620532903 60
622108862 46
624255129 32
624553321 52
624990181 70
625840414 93
625926001 25
626118822 89
626210212 10
628171205 69
628816909 21
636544262 97
639605226 63
639634620 45
639852552 82
641467201 56
642122133 59
643205657 17
643234970 86
645294934 22
646527430 37
646663996 92
647990772 58
650797938 34
651925087 6
652126082 40
652492488 33
653728066 58
653820965 43
653985680 81
654572188 19
655565116 30
656990386 26
658798319 71
658846657 50
660052597 17
660463486 76
661361061 89
662286030 59
662996716 77
663216080 5
664226097 12
664358902 11
664360629 24
664512921 86
665092124 49
666169719 62
666302420 50
669069169 48
670377076 40
670506186 45
671485896 13
673843512 46
673952281 88
674893330 11
675431300 85
675500995 2
678731378 48
680390484 8
681802446 68
683991146 18
684110479 11
686073706 17
686224806 27
686894973 12
687238550 58
687672305 11
691782557 62
692253705 82
693538612 61
694597208 97
697646213 70
698860585 26
699080694 38
701745333 45
701897124 56
702193828 62
702688415 40
702750120 53
706539585 79
706809413 68
706952180 99
707358983 18
710756010 0
712157228 94
713885856 53
714514545 35
714576412 82
715278143 48
715419652 89
716549195 40
720709327 42
721366542 24
722036390 21
722114568 43
722546747 22
723223902 50
726061708 77
726315382 32
727525421 15
728203698 48
729228523 58
730719088 26
732874605 54
732883724 93
733887653 38
737383112 80
738150672 23
740308357 38
740873908 72
741485539 54
744638705 89
744717973 52
745372678 5
745663752 43
746359273 18
746648465 88
746977103 95
749275625 91
749544600 21
751824453 36
753425714 72
754747591 99
755310526 66
755538819 38
755728148 10
756040490 51
756178550 77
757765350 43
759789101 69
760113751 70
761526470 32
762679138 75
762711777 49
762897014 51
762996182 34
772237268 63
772631889 15
774213982 70
777315753 46
778352593 71
779949722 51
781639296 62
781742554 67
782303258 22
782378285 2
783033948 97
786758016 87
787101580 21
788238825 30
789023417 32
789412504 69
789877044 99
790062468 64
790364888 13
790659798 89
791434265 15
792263607 92
793000875 85
793247376 96
793768391 11
795998728 97
797098260 14
798825848 76
799098939 40
799502172 25
800585393 2
801636985 5
801738737 6
802526151 23
803538139 82
807919524 18
807956503 83
812767069 43
813967990 37
814615471 25
816010389 29
816351501 8
816786047 78
817611590 71
820260853 75
820610121 34
823021164 46
824707957 79
825575697 58
825826687 35
827867437 32
828430243 99
828605202 79
829799876 46
830972420 19
833749662 19
833929992 16
834002948 44
834069014 51
834897460 65
835122973 26
835559095 70
836063518 52
837243295 3
839206305 46
840218039 32
840673178 33
841314909 29
841845261 58
843135449 88
845988944 31
846315323 58
848615844 43
848653530 38
848661898 27
849111307 88
853494771 25
855503416 5
855718712 26
858385931 15
863182990 46
863292600 48
865842155 95
869657714 90
869770683 18
871868993 63
871976997 66
873924042 99
874323019 60
874735491 61
875600556 45
876467275 7
876742919 47
879505295 87
882217906 77
883862037 83
884572028 82
885181734 68
885686372 86
886297937 95
889747854 99
889932055 97
890373985 5
890982015 13
892441885 27
892832414 31
893687361 72
895678860 90
899639242 34
899983535 30
901613991 76
901898436 88
902345548 6
902396655 88
903277588 56
903867183 72
903979288 80
907429810 89
907774040 98
908623859 43
908635208 53
910105762 19
912023198 23
912531813 61
913731984 14
916791586 33
917250590 7
917650789 44
920013923 6
922878921 94
925855062 66
926303309 1
926482460 58
927197099 61
927273170 72
928028619 22
928113140 26
928663414 42
929053019 2
930990142 26
931840132 86
933462102 45
934048416 38
934317131 64
935920624 66
936071780 21
936161386 94
936959370 96
937507493 25
937923936 0
939254323 64
940010274 94
940890289 1
940907827 38
943216338 27
944847653 9
946252973 18
946836198 96
947704264 41
947979462 41
949470138 66
950319002 67
951133867 6
951711867 38
953500590 50
953700638 15
954325792 45
956379621 66
956617236 94
957576110 27
957669555 33
957754688 89
958018842 72
958954318 87
961865144 91
962648907 16
962734128 57
963233713 69
966712191 95
971186975 80
971819357 20
971867161 39
975022401 79
977140165 92
979127370 46
979131612 55
979754450 2
980348690 81
981542732 41
981672005 91
982831048 21
983750256 6
983756669 25
984084532 52
984146429 53
985955079 9
985992396 73
987192316 33
994821645 78
997143625 71
997464996 11
997553759 84
997830070 53
998811717 42
