1000000000 1000
85836 457309
1379346 214395
1478943 197314
1637139 667797
1668750 112199
2462080 176182
3129223 700133
3604838 897907
4349996 339658
4712150 581922
5534247 970198
6232976 475068
6381354 418145
7323917 604353
7608997 852393
9785795 268552
11719494 527683
12267596 108655
12347515 19798
13077320 890074
13677805 303641
13837536 56505
14863184 237963
15620826 683444
16699696 205695
17789996 432071
18530217 513497
18535650 518040
18973614 399871
19551269 25040
20592831 792673
21369527 646142
21421727 555367
22546527 801564
23247298 319329
23574146 215721
24627364 406202
25076775 984920
25208352 365012
26227787 657434
26234361 527257
26316099 296507
26624984 226328
26656751 768246
27686216 833945
32348646 173964
32394305 928579
33969435 96087
34035355 728573
34047177 484723
34921404 521716
35060001 738150
35548275 531225
36123221 299401
37537055 439653
38738298 120089
39615754 726012
40875085 827263
41306452 628861
41615088 195271
42433946 661081
42922602 993323
43556311 118937
43565631 684
44082784 107550
44383926 571558
44574870 680929
44761108 263057
45673467 777056
45778167 819268
46150068 3944
46219241 771304
46852444 945102
46943534 236151
48428143 549911
49110558 261896
49214240 831513
49679139 939460
49837078 743565
50604829 24303
50825746 753427
51848700 287835
52007175 210561
52627315 981935
52937801 102052
53683491 728992
53806781 865778
54542565 317162
55139325 114686
55295074 789917
55524066 690818
55874230 329500
56110019 331697
56366771 823176
59219254 568207
59306341 755303
59373656 74193
59494984 46369
60087316 874567
60528268 749011
60886968 1789
60903224 335082
61561904 487279
62240137 900784
62331121 380913
62798262 980017
63653356 397222
65698487 328320
66265076 704544
66363598 250997
66463853 696905
66862465 686973
67811408 963225
68803113 560918
68834352 632291
69685967 584507
70011218 38669
73063530 830966
75261394 239071
76245908 976476
77222326 657053
78111438 837088
79882666 187257
80218599 884187
81383840 285358
82690059 128654
83555095 398822
83592895 599728
83616178 306697
83879020 632150
84805377 712555
86905909 881941
87439207 552441
87443581 556912
88722625 855068
89077052 189215
90400145 906959
91077352 324207
93503058 161298
93959106 594535
94235278 51828
94483571 536579
95082272 305303
95151487 591195
96014491 888989
96670721 909465
97029715 406228
97330982 219983
97437580 498111
98153010 544746
99510876 355370
100183529 82063
102590188 495002
103210063 439962
103350015 287304
103485089 797246
103881869 386514
106114342 884954
106840747 923761
107166155 862369
107187077 362638
107849325 167834
108075986 69812
108190490 483993
109767600 869068
109879237 350689
110039774 345882
110183432 33438
111018731 560187
111393321 798257
111726652 45530
111750724 967161
112398125 259981
114804704 297562
115833924 108110
115942101 167661
116136196 917424
117728662 135598
118122892 216211
118638244 153709
119065618 780711
119574153 315389
120106547 3762
121692966 856427
121893483 877662
122139616 60729
122611883 854181
122741210 111156
124751738 998368
126667144 767526
127532146 284289
127631388 405456
128268134 903083
129419654 424414
130504093 741961
130534568 187200
131043517 364384
132319642 735449
132608894 224036
133941184 508271
134238260 176663
136009154 427772
136194421 883557
136471798 989285
139128181 736821
139976168 492895
140785744 664272
141272364 922240
142426128 188139
142460313 645694
143398675 357663
144206806 670030
144709397 923414
145072290 781622
145508251 635666
146953399 28996
147256596 699396
148240197 341981
148500775 127686
148582934 506203
149018207 950086
149811793 489786
151659187 345728
154566216 630698
154787467 749943
155515315 419131
157818298 566155
158483043 593152
158717258 735097
158972701 255416
159809785 755994
161108923 754059
161325213 3033
163041980 170025
163542096 973433
164186305 584075
164702316 717874
165558523 690521
166120929 990630
166303154 745256
166336996 6644
169784633 727462
169884029 385576
171025701 719592
172238924 965356
172635346 602645
173232377 746931
175836524 48880
178861659 693534
179358363 865630
179730180 267740
180025104 393220
181078389 664635
185706025 397656
186661120 3399
188084726 556943
188996867 663191
189237514 232641
189542473 49224
189552898 730408
189738152 324122
190614220 210953
190917536 53652
192403617 402817
192868346 368721
193512113 535605
194625244 341613
195941051 407738
196600631 428524
198349783 393376
198463956 389836
199028237 197725
199342101 274497
199427592 853630
199855264 601992
200314703 139621
202549753 77239
202760241 264255
203195275 159398
203474204 568940
204130379 108218
204172163 385695
204492863 198085
205358462 277164
205576547 218862
212059232 637485
212459246 516721
215995834 782008
216939153 525256
217541153 87109
217857132 51444
219251398 135134
221611089 8170
221970909 507959
223396103 474944
224129260 286674
224311444 695788
228860493 725195
228897066 562980
232254872 677228
233309094 113741
233685388 955793
234337371 539921
234705442 609689
234771485 881256
234805776 502635
235265644 808952
235619315 370402
235850509 383394
239512614 746797
239524944 798263
241017446 438199
241023776 401643
244325701 270746
244335423 37702
245947149 160572
247831513 411684
248583819 995003
249034586 712626
250982498 525001
251071247 631141
251110655 380527
251905802 820187
252395899 295257
252423882 813788
252803100 851446
253378609 158896
256527444 303568
256762002 722434
258347912 955032
259276188 417922
260446861 789898
264215602 221554
267541600 22194
267830664 475942
269827652 533625
269926239 418584
270234672 58348
271602604 524743
271930357 811378
273268712 249107
273349502 566299
274883256 74821
276603171 687022
276938280 340874
280990069 571887
281587020 684412
281606064 576008
282474356 172388
284805020 859084
284873180 3887
285163180 799676
285263415 308711
286163558 485514
287272407 411996
287690359 866211
288107133 21334
289286534 548402
290056432 248499
290629258 839614
293208044 962451
293413030 620627
294538861 61468
296392165 960161
297075223 686917
298023233 6696
298461606 145271
300607379 42903
301874974 481513
302840323 327785
307387700 787983
308017202 886292
310066366 766741
310309758 895218
310441839 234006
311344891 830702
312794055 661313
313680260 424944
313979322 927446
316457466 400265
317525073 308506
317890104 385115
318947545 583889
323862706 568244
325435015 402677
325593907 22028
325774358 847001
326743113 804693
328393971 124497
329466993 958465
329863292 558124
329952500 487913
332604301 868882
334570435 583694
335536707 752888
340177396 324585
342952617 876844
343865576 971873
344134394 398210
344205944 945769
347024183 456095
347403973 538685
350394090 592171
350817152 724986
350945609 114429
351491411 395901
351622738 862958
352137497 878575
353492558 326927
353514089 936307
354682187 203979
355234601 80739
355927629 812670
356323897 507461
357640315 972958
357866336 648161
357995937 383840
358660896 168236
361024379 335156
361406683 427411
363060126 696774
363646820 559241
365796216 225639
366130890 233419
370169687 476523
371393114 519684
374617217 173307
375193267 576892
375535351 872556
378064671 946310
378797239 133930
380939619 576032
381247800 175596
381861228 633419
382047154 832303
382626582 932222
384729627 138064
385365874 853070
386012631 68646
386244437 783012
386390676 135373
386668121 554076
390119578 432910
390136281 973976
390464839 62841
392822212 820279
393243205 59789
394083758 619742
394338742 903023
394439749 863912
394503414 157183
397256599 496465
397411847 206482
398174295 363127
399421049 776111
399709559 675752
404708060 27782
405759713 320358
406079027 23203
408004992 169432
408056398 400907
409929263 498273
411609841 949390
414461899 627590
414585874 602876
416315798 249860
417562474 657880
419583719 246119
420060616 280619
420188744 353267
420812053 443904
421372747 840152
424361417 298677
425397327 847148
425606976 846148
425819663 297680
429053699 29644
429486231 564314
429945811 715548
432313183 836620
432321971 768292
433881830 161179
434680684 938739
434781007 355463
434845424 352538
438100060 772455
439367002 927842
440909104 549866
442110457 625233
442350495 456489
443672455 371131
444799182 502301
444907230 794174
446016902 453207
446268492 337122
448185420 610460
448201136 391097
448319936 705212
449699037 511244
450362992 88356
450787348 401573
451675477 640995
452761403 543936
454095660 257740
455129573 526888
455556420 751056
456939960 215995
457808608 277393
458177622 62006
458873094 872706
459371716 455272
459524412 545073
460990048 672768
461174360 140165
461504696 106988
461793669 75130
462475676 767408
463165000 406226
465594744 557902
465749320 242943
467132771 974914
467261167 95829
470417391 703441
471278749 878407
471873774 590920
472206148 573576
472403894 854145
472718823 628600
473298253 797262
474138994 804083
474215682 309829
475084861 180426
475324293 34936
476213853 481576
477610611 177405
477622448 781396
479505635 508853
479618741 565038
480200738 164513
481833783 81984
482675771 383065
483005838 487135
483282634 2688
483725823 962009
484570647 32205
484662331 949402
485323704 830613
485397809 493040
487116605 885951
489337204 719746
490207793 857276
490583606 10554
490753438 41824
490831016 463571
491150893 982575
492335349 260081
495055802 238948
495131260 969547
495308338 790403
495641204 973663
496134227 408497
497721361 547943
498029358 30353
498071492 832210
498286030 108133
503059358 785681
503250357 317373
505301922 232312
506142321 460572
506394157 299958
508159497 213112
509891361 389021
510452102 274786
511757831 41764
512519867 139005
513574473 265072
514169004 218461
514714417 180692
516554547 242534
518467811 701683
518605585 311211
522028991 132343
523892522 174288
524096186 487983
524800956 822985
525251254 851835
525324357 783886
526459370 739729
529199540 114792
529852365 34448
530169641 153751
530663770 180716
531189129 949160
532010337 546974
534845528 259967
537198731 285337
537562852 480222
537633882 22112
537748339 244869
540799525 685006
541471480 284311
542656626 467434
544437469 318220
544475867 764481
548497561 29163
549340167 34621
550929555 503064
551358663 484898
552380457 641178
553337530 919993
553925072 357976
555688601 664657
558451775 636985
560796605 539101
562713135 537435
562939248 649807
565957309 66548
565967453 118622
566795091 498187
567598842 54389
572516764 814000
574069879 30998
576877075 923862
577931949 596773
582097543 530765
584510932 710968
584559463 892957
587004763 543705
590044467 128230
590855766 759349
591730082 304118
593223705 808477
595236577 243168
597849028 621041
598348267 869419
599211704 950814
600571291 600743
602110887 332086
602164499 923646
602823006 167736
603692677 13825
604425935 123380
604656576 13528
608872631 274133
610668297 673718
616249980 299958
616303981 855982
617095242 384139
617126003 891196
617134671 47005
618857325 986401
619111675 53186
619670193 724604
621608144 842965
623081022 845338
624190078 184733
625193906 439125
625642640 65400
626373448 742567
626389529 190638
628872520 404797
628894834 278526
629117811 158171
631124177 446133
631214425 997364
631487457 55268
632458974 923161
633812705 92862
634957886 409411
636449366 463344
637062052 566379
640973485 127992
642462750 480369
643130187 546393
645237581 384193
648364881 775495
651803226 551453
652229387 316551
652332575 168759
653003113 604781
653774783 148259
655266025 889004
655968898 411612
656139044 487089
657735800 978462
657892716 892079
658752330 430737
660504677 13715
661820708 846681
661942307 801560
662143057 29379
663788519 738575
666262499 518784
666902856 758758
666991419 654342
668720996 438866
671018575 10395
671902698 11355
672804317 679176
673650774 771834
673862041 824716
674900242 135176
676061016 578169
676525434 818943
680252307 995693
682806932 464824
682815889 512208
683636502 213037
684269411 712825
684459911 890379
686586465 119056
687305356 30649
687997849 837211
691153494 207145
693072730 729296
693177469 484305
694801132 329181
695976148 743002
697548710 929753
697576639 293389
701744366 312215
702585099 746322
703717312 890803
704650006 545996
705295055 112277
705725907 295423
705853772 144034
706254723 342328
708460821 853040
709278788 561979
710135370 810636
711710449 943937
712546154 668122
714849016 361161
714920659 322874
715276935 552485
716105815 140449
717269652 178153
718204803 770970
718227441 937858
719563066 496339
720152165 543578
721043159 725466
722503641 776842
722507797 332807
723939833 978790
724078957 233743
724908419 80637
725725435 453336
726153909 564370
729184547 293839
729227593 803449
730172710 802044
731775942 787634
732207392 976077
732580075 157264
732724963 899085
733596221 854262
735633921 292937
736281553 713104
736616790 654499
737557765 104325
737673690 966417
738043987 430031
738700291 926385
739790032 482011
739923892 411537
740007478 912789
741703111 467627
742337252 351582
742504766 453186
747008570 623550
749081738 225806
749754679 135710
753603555 969680
754506447 38959
756078876 195974
757351590 622198
757713623 252189
757760042 753316
759249431 367601
760395868 362371
762099151 254573
763070287 136009
764037323 862694
764120881 140512
764608749 188463
765597544 20825
765648824 746891
765830138 347388
765832372 953116
768967944 576072
771318966 943105
771487758 701028
772172009 770579
774121279 538225
778364655 481640
783634368 248556
784226797 883071
785385926 447535
786793349 621917
786861616 943851
786995911 1840
788229844 625929
789490324 347157
790869428 119996
793390078 225182
794613653 399692
795109608 170229
796338858 106046
797419512 508331
797786577 360254
798821603 867439
800142713 159548
802712838 321878
805202780 126097
805294295 378096
806919958 260208
808588146 494199
808610103 685822
809510109 236331
809701382 150453
810513246 961433
811527782 712304
812396779 909179
813411352 255673
815488126 242962
816414753 85373
819438679 549841
820039135 221284
822550688 389956
822952837 373092
823928165 444617
824834385 85271
825801798 534087
825829950 891394
829333032 784255
831436137 944900
831542494 201655
832260594 936822
832363484 146234
832843344 183809
833155528 471943
833472829 600143
833514097 78567
834497413 76121
835471999 920823
835554907 899175
837087725 87089
837927930 201650
838224061 253754
838553854 680355
838923173 405478
840902309 754345
842917947 457070
843113828 341017
843582953 824874
846158981 666348
846689712 25993
850371940 590356
851182878 298525
851426509 664336
853210042 908907
857224220 491733
857782678 881920
862362329 696557
862384437 673815
865111119 398136
868261988 346802
870221112 884639
870430712 285037
870713559 202895
871009399 866819
871520044 751597
871607905 725461
872151948 428005
874345500 141473
874486656 171058
875383153 158741
876271099 376382
876314282 960520
876489702 960252
877093592 915508
877381069 990657
878465248 127099
878917823 472558
879544105 280276
884143673 505263
884536370 855126
885408408 975289
887156027 84901
888864126 975647
889299873 605059
891023830 805263
891368181 351464
891439150 612272
893492952 966302
893528630 194307
894517106 261851
896096696 224553
897292173 42893
898002071 2812
898118906 356545
898136689 218665
900371739 485715
900844764 629422
901122785 791367
901579952 930515
904030521 558396
905161778 648585
905554486 829220
905698165 834183
905851036 316126
906076409 671035
907342663 182919
907569578 173980
908443380 218896
908570209 470296
912542403 517278
912646515 474079
913205908 232252
915204067 463994
916870986 384888
917744439 453580
918902571 673509
919124496 742977
920128769 85609
921402413 67152
922050318 840460
923003017 254863
923522206 613287
923928482 344385
924944155 28746
925166038 914368
927100416 22849
928597369 222622
930371971 726660
930841426 921461
932089743 320143
939576511 939059
940093235 174166
943937129 233529
946223415 601441
947118884 13965
950658702 280109
953021830 184319
953230112 507050
953541519 719750
953825783 24286
954501184 671078
956074269 451159
956163132 657451
957550910 935510
958912188 416188
960555994 537522
961539660 840847
962133784 2423
962142796 237879
964477202 583853
965901007 506327
967297479 961159
967827920 767601
968438994 195297
969146859 747159
970920374 114601
972120699 617585
972231124 978137
972721927 281651
972773319 348365
974519439 546571
975378396 333656
975781514 339168
975844108 849716
977440045 969571
977999022 912484
978727664 363604
979215380 241417
979289262 841932
979796481 161570
980371965 128924
980464204 465108
981252137 765107
982103597 521233
983288918 758993
983315837 438682
983470492 16457
983809583 430805
987297893 110106
987791370 210981
988498991 542175
990692964 85596
992135935 276049
992415520 727976
993365814 607234
993950735 473850
994650936 771691
997143512 916624
997423227 795751
998579449 155433
998610968 497332
